Hdg, Temp, optflow_intTime,optflow_intX,optflow_intY,optflow_intXgyro,optflow_intYgyro,optflow_intZgyro,optflow_quality,optflow_timeDel,optflow_dist,imu_orientX,imu_orientY,imu_orientZ,imu_orientW
0,0,0,0,0,0,0,0,0,0,0,0,0,0,0,0,0,0,0,0,0,0
0,53.85,45.24,0,0,0,0,0,0,0,0,0,3.88908e-05,-0.00567597,-0.310182,-0.95066,-0.000520023,-0.00190938,-0.000299782,-0.00980665,0.1471,9.98317
0,53.99,45.24,0,0,0,0,0,0,0,0,0,3.59745e-05,-0.00570091,-0.309046,-0.95103,-0.000326625,-0.00224468,0.000125317,-0.0196133,0.137293,9.98317
0,54.06,45.23,0,0,0,0,0,0,0,0,0,1.81455e-05,-0.00569707,-0.308478,-0.951214,0.000223294,-0.00168729,0.000268486,-0.00980665,0.127486,9.96356
0,54.13,45.24,0,0,0,0,0,0,0,0,0,1.61723e-05,-0.00571881,-0.307909,-0.951399,-0.00101917,-0.00156464,-0.000120561,-0.00980665,0.137293,9.98317
1,54.19,45.24,0,0,0,0,0,0,0,0,0,1.62484e-05,-0.0057159,-0.307353,-0.951579,-0.000575725,-0.00129901,1.88319e-05,-0.0196133,0.1471,9.94394
1,54.26,45.24,0,0,0,0,0,0,0,0,0,-1.51169e-05,-0.00570634,-0.306783,-0.951762,0.000621068,-0.00222218,-0.000867333,-0.0196133,0.127486,9.98317
1,54.33,45.24,0,0,0,0,0,0,0,0,0,-9.81774e-06,-0.00572168,-0.30622,-0.951944,0.000231133,-0.00105181,-0.000429008,-0.00980665,0.137293,9.99298
1,54.4,45.24,0,0,0,0,0,0,0,0,0,-3.86685e-05,-0.0057294,-0.305658,-0.952124,0.000642293,-0.00156611,-9.26851e-05,-0.0294199,0.137293,9.97336
1,54.53,45.24,0,0,0,0,0,0,0,0,0,-3.9082e-05,-0.00569699,-0.304528,-0.952486,-0.000164213,-0.00208074,0.000297336,-0.0294199,0.11768,9.96356
1,54.74,45.25,0,0,0,0,0,0,0,0,0,-7.0354e-05,-0.00568901,-0.302818,-0.953032,0.000478536,-0.00184447,-0.000959428,-0.00980665,0.127486,9.94394
2,54.87,45.25,0,0,0,0,0,0,0,0,0,-4.65977e-05,-0.00564907,-0.301724,-0.953379,-0.00054199,-0.00280337,-0.000360145,-0.00980665,0.127486,9.97336
2,54.94,45.25,0,0,0,0,0,0,0,0,0,-3.25141e-05,-0.005633,-0.301155,-0.953559,3.79421e-05,-0.00121879,-0.000614447,-0.0294199,0.156906,9.97336
2,54.94,45.25,0,0,0,0,0,0,0,0,0,-2.86163e-05,-0.00561646,-0.300613,-0.95373,-0.000517323,-0.00140017,0.000523481,-0.0294199,0.156906,9.97336
2,55.07,45.26,0,0,0,0,0,0,0,0,0,-2.94868e-05,-0.00559578,-0.300061,-0.953904,1.30947e-05,-0.00257642,0.000130121,-0.00980665,0.127486,9.97336
2,55.14,45.25,0,0,0,0,0,0,0,0,0,-2.52839e-05,-0.005564,-0.299493,-0.954082,-0.000498519,-0.00208384,-0.000443307,-0.00980665,0.137293,9.96356
2,55.2,45.26,0,0,0,0,0,0,0,0,0,-2.80423e-05,-0.00554386,-0.298951,-0.954252,-0.000829996,-0.00197243,7.19899e-06,-0.0294199,0.137293,9.97336
2,55.34,45.26,0,0,0,0,0,0,0,0,0,3.96925e-05,-0.00551728,-0.297818,-0.954607,-0.00136224,-0.00074731,-0.000372789,-0.00980665,0.127486,9.98317
2,55.41,45.26,0,0,0,0,0,0,0,0,0,2.64562e-05,-0.0055343,-0.297247,-0.954784,-0.000921281,-0.00121676,-2.94776e-05,-0.0294199,0.137293,9.96356
2,55.48,45.26,0,0,0,0,0,0,0,0,0,2.47445e-05,-0.00551213,-0.296684,-0.95496,-0.00122376,-0.00291838,-0.000142506,-0.00980665,0.137293,9.96356
3,55.54,45.26,0,0,0,0,0,0,0,0,0,3.298e-05,-0.00550993,-0.296115,-0.955137,-0.00116837,-0.00194026,-0.000681023,-0.0196133,0.137293,9.95375
3,55.61,45.27,0,0,0,0,0,0,0,0,0,2.00416e-05,-0.00550312,-0.295547,-0.955312,-0.000509403,-0.000708211,-0.000214492,-0.0196133,0.137293,9.97336
3,55.68,45.27,0,0,0,0,0,0,0,0,0,2.72989e-05,-0.00548172,-0.294977,-0.955489,0.000701425,-0.00195586,-0.00158377,-0.00980665,0.1471,9.98317
3,55.75,45.27,0,0,0,0,0,0,0,0,0,4.64237e-05,-0.00543657,-0.294394,-0.955669,-0.0016488,-0.00245807,-0.00125897,-0.0196133,0.127486,9.97336
3,55.81,45.27,0,0,0,0,0,0,0,0,0,5.83809e-05,-0.00542561,-0.293862,-0.955832,-0.00119326,-0.00173205,-0.000195814,-0.0196133,0.137293,9.97336
3,55.95,45.27,0,0,0,0,0,0,0,0,0,5.59834e-05,-0.00537967,-0.292776,-0.956166,-0.00121037,-0.00127484,0.000289844,-0.0196133,0.127486,9.99298
3,56.01,45.27,0,0,0,0,0,0,0,0,0,4.11709e-05,-0.00539799,-0.292227,-0.956334,0.00110823,-0.00135456,-0.00141764,-0.00980665,0.156906,9.99298
3,56.08,45.27,0,0,0,0,0,0,0,0,0,5.24857e-05,-0.00540496,-0.291682,-0.9565,-0.000524483,-0.00103017,-0.00128133,-0.0294199,0.127486,10.0028
4,56.14,45.27,0,0,0,0,0,0,0,0,0,3.4907e-05,-0.00537891,-0.291163,-0.956658,-0.000179255,-0.00169919,-0.000712317,0,0.1471,10.0028
4,56.21,45.27,0,0,0,0,0,0,0,0,0,6.73846e-05,-0.00538079,-0.290597,-0.95683,-0.00136747,-0.000794816,-0.000833964,-0.00980665,0.127486,9.96356
4,56.21,45.27,0,0,0,0,0,0,0,0,0,7.29228e-05,-0.00536471,-0.290028,-0.957003,-0.000840723,-0.00234191,-0.00153552,-0.00980665,0.107873,9.99298
4,56.4,45.28,0,0,0,0,0,0,0,0,0,7.82275e-05,-0.00542332,-0.288966,-0.957324,-0.000630133,-0.00204456,-0.00136512,-0.00980665,0.1471,9.98317
4,56.47,45.28,0,0,0,0,0,0,0,0,0,4.32301e-05,-0.00543815,-0.288429,-0.957486,0.00063214,-0.000762065,-0.000384038,-0.00980665,0.1471,10.0028
4,56.53,45.28,0,0,0,0,0,0,0,0,0,8.39396e-05,-0.00544105,-0.2879,-0.957645,-0.00100461,-0.000487769,0.000221014,-0.0196133,0.137293,9.98317
4,56.59,45.28,0,0,0,0,0,0,0,0,0,6.92136e-05,-0.00543617,-0.287362,-0.957807,-0.000246529,-0.00223316,-0.000220316,0,0.1471,9.98317
4,56.66,45.28,0,0,0,0,0,0,0,0,0,7.95539e-05,-0.00542348,-0.28681,-0.957972,-0.000713891,-0.00051426,-0.00135227,-0.0294199,0.127486,9.99298
4,56.78,45.28,0,0,0,0,0,0,0,0,0,8.5126e-05,-0.00540148,-0.28577,-0.958283,1.70871e-05,-0.00229959,0.000286985,-0.0294199,0.11768,9.98317
5,56.85,45.28,0,0,0,0,0,0,0,0,0,5.71243e-05,-0.0053954,-0.285227,-0.958445,-0.000223511,-0.00172303,0.00017009,-0.0196133,0.1471,9.99298
5,56.91,45.29,0,0,0,0,0,0,0,0,0,5.22911e-05,-0.00539705,-0.284689,-0.958605,-0.000242735,-0.0011035,-0.00137969,-0.0196133,0.127486,9.97336
5,56.98,45.29,0,0,0,0,0,0,0,0,0,3.78611e-05,-0.00538877,-0.284142,-0.958767,0.000167474,-0.00224137,-0.000618644,0,0.11768,9.97336
5,57.04,45.29,0,0,0,0,0,0,0,0,0,4.39667e-05,-0.00539455,-0.283595,-0.958929,-0.00083118,-0.00187605,-0.00112378,-0.00980665,0.1471,9.96356
5,57.11,45.29,0,0,0,0,0,0,0,0,0,6.18285e-05,-0.00537899,-0.283061,-0.959087,-0.0011815,-0.00288784,-0.0014477,-0.00980665,0.1471,9.96356
5,57.18,45.29,0,0,0,0,0,0,0,0,0,6.19448e-05,-0.00537196,-0.282491,-0.959255,0.00044018,-0.0018326,-0.000806368,0,0.1471,9.99298
5,57.24,45.29,0,0,0,0,0,0,0,0,0,8.2576e-05,-0.00538801,-0.281975,-0.959407,-0.000339335,-0.00198638,-0.00066448,-0.0196133,0.11768,9.97336
5,57.36,45.29,0,0,0,0,0,0,0,0,0,0.000106315,-0.00539406,-0.280956,-0.959705,0.00012728,-0.000589263,-0.00022632,-0.00980665,0.127486,9.96356
6,57.42,45.3,0,0,0,0,0,0,0,0,0,8.08724e-05,-0.00539335,-0.280421,-0.959862,7.42122e-05,-0.00275965,6.13128e-05,-0.00980665,0.1471,9.99298
6,57.49,45.3,0,0,0,0,0,0,0,0,0,7.43558e-05,-0.00537318,-0.279886,-0.960018,-0.00140338,-0.00290597,-0.000491915,-0.0392266,0.137293,9.99298
6,57.55,45.3,0,0,0,0,0,0,0,0,0,6.71875e-05,-0.00539246,-0.279346,-0.960176,-0.000816838,-0.0023684,-0.00150395,-0.0294199,0.166713,9.98317
6,57.61,45.3,0,0,0,0,0,0,0,0,0,5.68968e-05,-0.00539661,-0.278824,-0.960327,-0.000441293,-0.000293356,-0.000279611,-0.0392266,0.166713,10.0028
6,57.68,45.3,0,0,0,0,0,0,0,0,0,4.2282e-05,-0.00539515,-0.278298,-0.96048,0.000592173,-0.00166102,-0.000542256,-0.0294199,0.137293,9.99298
6,57.74,45.3,0,0,0,0,0,0,0,0,0,4.38944e-05,-0.00540068,-0.277764,-0.960634,0.000736275,-0.00223996,-0.000469398,0,0.1471,9.99298
7,57.99,45.31,0,0,0,0,0,0,0,0,0,5.70341e-05,-0.00539536,-0.275694,-0.96123,-0.00145176,-0.00195361,-0.00131485,-0.00980665,0.1471,10.0028
7,58.05,45.31,0,0,0,0,0,0,0,0,0,8.14968e-05,-0.00542636,-0.274628,-0.961535,-0.00079788,-0.00185315,-0.000789132,-0.0294199,0.11768,9.97336
7,58.17,45.31,0,0,0,0,0,0,0,0,0,7.92117e-05,-0.0054463,-0.274118,-0.961681,-0.000379462,-0.00116956,0.000594721,0,0.137293,9.98317
7,58.24,45.31,0,0,0,0,0,0,0,0,0,7.44475e-05,-0.00543777,-0.273585,-0.961832,0.000504241,-0.00234221,-0.000971091,0,0.107873,9.99298
7,58.3,45.31,0,0,0,0,0,0,0,0,0,7.21633e-05,-0.00544178,-0.273083,-0.961975,0.00043412,-0.00234584,-0.000318707,0,0.17652,9.99298
7,58.36,45.32,0,0,0,0,0,0,0,0,0,6.32201e-05,-0.00544381,-0.272546,-0.962127,0.000328556,-0.0018593,-0.00123431,-0.0294199,0.107873,9.96356
7,58.42,45.32,0,0,0,0,0,0,0,0,0,6.3922e-05,-0.00545565,-0.272032,-0.962273,-0.000121649,-0.00142278,0.000164664,0.00980665,0.1471,9.97336
7,58.48,45.32,0,0,0,0,0,0,0,0,0,8.05213e-05,-0.00547759,-0.271545,-0.96241,-0.00079237,-0.00174335,0.00051391,-0.00980665,0.137293,9.98317
7,58.54,45.31,0,0,0,0,0,0,0,0,0,7.64684e-05,-0.00548314,-0.271024,-0.962557,-0.000340142,-0.00196689,-0.00102189,-0.0196133,0.1471,9.97336
8,58.6,45.32,0,0,0,0,0,0,0,0,0,9.11148e-05,-0.00547041,-0.270529,-0.962696,-0.000521433,-0.00112591,-0.000275518,-0.0196133,0.127486,9.96356
8,58.72,45.32,0,0,0,0,0,0,0,0,0,6.85419e-05,-0.00551011,-0.269525,-0.962978,0.000598119,-0.00086154,-0.000209493,-0.0196133,0.1471,9.97336
8,58.72,45.32,0,0,0,0,0,0,0,0,0,4.82085e-05,-0.00551625,-0.269035,-0.963115,-0.000167819,-0.000926238,-0.00152525,-0.0196133,0.1471,9.97336
8,58.84,45.32,0,0,0,0,0,0,0,0,0,3.71285e-05,-0.00551471,-0.268538,-0.963253,-0.000710652,-0.00181898,-0.0010668,0,0.1471,9.98317
8,58.9,45.32,0,0,0,0,0,0,0,0,0,1.86386e-06,-0.00552877,-0.26803,-0.963395,0.000489829,-0.00196106,-0.000476668,-0.00980665,0.11768,9.97336
8,58.9,45.32,0,0,0,0,0,0,0,0,0,-5.01018e-06,-0.00554635,-0.267542,-0.96353,-0.000657834,-0.00159556,-0.000634978,-0.00980665,0.11768,9.97336
8,59.02,45.33,0,0,0,0,0,0,0,0,0,1.8006e-06,-0.00553793,-0.267053,-0.963666,-0.000822317,-0.00302634,0.000142289,-0.0294199,0.127486,9.99298
8,59.07,45.33,0,0,0,0,0,0,0,0,0,1.05021e-05,-0.0055406,-0.266563,-0.963802,-0.000340157,-0.0010999,1.44813e-06,0,0.137293,9.96356
9,59.2,45.33,0,0,0,0,0,0,0,0,0,-1.46302e-05,-0.0055839,-0.26554,-0.964084,-0.000733324,-0.00142173,-0.0017856,-0.0392266,0.127486,9.99298
9,59.25,45.33,0,0,0,0,0,0,0,0,0,-2.63764e-05,-0.00557084,-0.265045,-0.96422,-0.000276598,-0.0017553,6.01602e-05,0,0.156906,9.99298
9,59.31,45.33,0,0,0,0,0,0,0,0,0,-4.43272e-05,-0.00557023,-0.26455,-0.964356,0.000364774,-0.00157992,-0.000339631,-0.0294199,0.11768,9.98317
9,59.37,45.33,0,0,0,0,0,0,0,0,0,-6.25093e-05,-0.00556156,-0.264049,-0.964493,0.00114821,-0.00129123,-0.000972402,0.00980665,0.166713,9.95375
9,59.43,45.34,0,0,0,0,0,0,0,0,0,-0.000101761,-0.00555785,-0.263568,-0.964625,0.000129523,-0.00276195,-0.000331705,-0.00980665,0.11768,10.0028
9,59.49,45.34,0,0,0,0,0,0,0,0,0,-0.000124706,-0.00556595,-0.263066,-0.964762,-6.16207e-05,-0.00203584,-0.00108115,-0.00980665,0.127486,9.99298
9,59.55,45.34,0,0,0,0,0,0,0,0,0,-0.000120793,-0.00557068,-0.262569,-0.964897,-0.000754211,-0.00133644,0.000350196,0,0.156906,9.98317
9,59.67,45.34,0,0,0,0,0,0,0,0,0,-9.52508e-05,-0.00558079,-0.262076,-0.965031,-0.00131413,-0.00156448,-0.000905801,-0.0196133,0.11768,9.98317
9,59.72,45.34,0,0,0,0,0,0,0,0,0,-9.1148e-05,-0.00557887,-0.261586,-0.965164,0.000558756,-0.00153978,-0.000536692,-0.00980665,0.156906,9.96356
10,59.78,45.34,0,0,0,0,0,0,0,0,0,-0.000115823,-0.00559116,-0.2606,-0.965431,-0.000381661,-0.00110465,-0.00075848,-0.00980665,0.1471,9.97336
10,59.84,45.34,0,0,0,0,0,0,0,0,0,-0.000116397,-0.00558677,-0.260101,-0.965565,-0.00177911,-0.0010617,-0.000953847,-0.0294199,0.186326,9.97336
10,59.9,45.35,0,0,0,0,0,0,0,0,0,-0.000110311,-0.00559729,-0.259619,-0.965695,-0.000974165,-0.00063685,-0.000841784,-0.0294199,0.11768,9.95375
10,59.96,45.34,0,0,0,0,0,0,0,0,0,-0.000135844,-0.00559475,-0.25913,-0.965826,-0.000787291,-0.00261894,-0.00161741,-0.00980665,0.166713,9.98317
10,59.96,45.34,0,0,0,0,0,0,0,0,0,-0.000143411,-0.00559162,-0.258639,-0.965958,-0.000608529,-0.00169399,-0.00162991,-0.00980665,0.166713,9.98317
10,60.13,45.35,0,0,0,0,0,0,0,0,0,-0.000160658,-0.00559679,-0.257677,-0.966215,-0.000968846,-0.00220539,4.29711e-05,-0.00980665,0.11768,9.96356
10,60.19,45.35,0,0,0,0,0,0,0,0,0,-0.000156091,-0.00559345,-0.257188,-0.966345,-0.00101273,-0.00128686,-0.00116821,-0.00980665,0.1471,9.98317
10,60.24,45.35,0,0,0,0,0,0,0,0,0,-0.000139908,-0.0056122,-0.256725,-0.966468,-0.000284447,-0.00116018,0.000256017,0,0.127486,9.97336
10,60.24,45.35,0,0,0,0,0,0,0,0,0,-0.000139908,-0.0056122,-0.256725,-0.966468,-0.000284447,-0.00116018,0.000256017,0,0.127486,9.97336
11,60.24,45.35,0,0,0,0,0,0,0,0,0,-0.000139908,-0.0056122,-0.256725,-0.966468,-0.000284447,-0.00116018,0.000256017,0,0.127486,9.97336
