Hdg, Temp, optflow_intTime,optflow_intX,optflow_intY,optflow_intXgyro,optflow_intYgyro,optflow_intZgyro,optflow_quality,optflow_timeDel,optflow_dist,imu_orientX,imu_orientY,imu_orientZ,imu_orientW
0,0,0,0,0,0,0,0,0,0,0,0,0,0,0,0,0,0,0,0,0,0
0,0,0,0,0,0,0,0,0,0,0,0,0,0,0,0,0,0,0,0,0,0
0,0,0,0,0,0,0,0,0,0,0,0,0,0,0,0,0,0,0,0,0,0
0,0,0,0,0,0,0,0,0,0,0,0,0,0,0,0,0,0,0,0,0,0
0,0,0,0,0,0,0,0,0,0,0,0,0,0,0,0,0,0,0,0,0,0
0,0,0,0,0,0,0,0,0,0,0,0,0,0,0,0,0,0,0,0,0,0
0,0,0,0,0,0,0,0,0,0,0,0,0,0,0,0,0,0,0,0,0,0
0,0,0,0,0,0,0,0,0,0,0,0,0,0,0,0,0,0,0,0,0,0
0,0,0,0,0,0,0,0,0,0,0,0,0,0,0,0,0,0,0,0,0,0
0,0,0,0,0,0,0,0,0,0,0,0,0,0,0,0,0,0,0,0,0,0
0,0,0,0,0,0,0,0,0,0,0,0,0,0,0,0,0,0,0,0,0,0
0,0,0,0,0,0,0,0,0,0,0,0,0,0,0,0,0,0,0,0,0,0
0,0,0,0,0,0,0,0,0,0,0,0,0,0,0,0,0,0,0,0,0,0
0,0,0,0,0,0,0,0,0,0,0,0,0,0,0,0,0,0,0,0,0,0
0,0,0,0,0,0,0,0,0,0,0,0,0,0,0,0,0,0,0,0,0,0
0,0,0,0,0,0,0,0,0,0,0,0,0,0,0,0,0,0,0,0,0,0
0,0,0,0,0,0,0,0,0,0,0,0,0,0,0,0,0,0,0,0,0,0
0,0,0,0,0,0,0,0,0,0,0,0,0,0,0,0,0,0,0,0,0,0
0,0,0,0,0,0,0,0,0,0,0,0,0,0,0,0,0,0,0,0,0,0
0,0,0,0,0,0,0,0,0,0,0,0,0,0,0,0,0,0,0,0,0,0
0,0,0,0,0,0,0,0,0,0,0,0,0,0,0,0,0,0,0,0,0,0
0,0,0,0,0,0,0,0,0,0,0,0,0,0,0,0,0,0,0,0,0,0
0,0,0,0,0,0,0,0,0,0,0,0,0,0,0,0,0,0,0,0,0,0
1,0,0,0,0,0,0,0,0,0,0,0,0,0,0,0,0,0,0,0,0,0
1,0,0,0,0,0,0,0,0,0,0,0,0,0,0,0,0,0,0,0,0,0
1,0,0,0,0,0,0,0,0,0,0,0,0,0,0,0,0,0,0,0,0,0
1,0,0,0,0,0,0,0,0,0,0,0,0,0,0,0,0,0,0,0,0,0
1,0,0,0,0,0,0,0,0,0,0,0,0,0,0,0,0,0,0,0,0,0
1,0,0,0,0,0,0,0,0,0,0,0,0,0,0,0,0,0,0,0,0,0
1,0,0,0,0,0,0,0,0,0,0,0,0,0,0,0,0,0,0,0,0,0
1,0,0,0,0,0,0,0,0,0,0,0,0,0,0,0,0,0,0,0,0,0
1,0,0,0,0,0,0,0,0,0,0,0,0,0,0,0,0,0,0,0,0,0
1,0,0,0,0,0,0,0,0,0,0,0,0,0,0,0,0,0,0,0,0,0
1,0,0,0,0,0,0,0,0,0,0,0,0,0,0,0,0,0,0,0,0,0
1,0,0,0,0,0,0,0,0,0,0,0,0,0,0,0,0,0,0,0,0,0
1,0,0,0,0,0,0,0,0,0,0,0,0,0,0,0,0,0,0,0,0,0
1,0,0,0,0,0,0,0,0,0,0,0,0,0,0,0,0,0,0,0,0,0
1,0,0,0,0,0,0,0,0,0,0,0,0,0,0,0,0,0,0,0,0,0
1,0,0,0,0,0,0,0,0,0,0,0,0,0,0,0,0,0,0,0,0,0
1,0,0,0,0,0,0,0,0,0,0,0,0,0,0,0,0,0,0,0,0,0
1,0,0,0,0,0,0,0,0,0,0,0,0,0,0,0,0,0,0,0,0,0
1,0,0,0,0,0,0,0,0,0,0,0,0,0,0,0,0,0,0,0,0,0
1,0,0,0,0,0,0,0,0,0,0,0,0,0,0,0,0,0,0,0,0,0
1,0,0,0,0,0,0,0,0,0,0,0,0,0,0,0,0,0,0,0,0,0
1,0,0,0,0,0,0,0,0,0,0,0,0,0,0,0,0,0,0,0,0,0
1,0,0,0,0,0,0,0,0,0,0,0,0,0,0,0,0,0,0,0,0,0
1,0,0,0,0,0,0,0,0,0,0,0,0,0,0,0,0,0,0,0,0,0
1,0,0,0,0,0,0,0,0,0,0,0,0,0,0,0,0,0,0,0,0,0
1,0,0,0,0,0,0,0,0,0,0,0,0,0,0,0,0,0,0,0,0,0
1,0,0,0,0,0,0,0,0,0,0,0,0,0,0,0,0,0,0,0,0,0
1,0,0,0,0,0,0,0,0,0,0,0,0,0,0,0,0,0,0,0,0,0
1,0,0,0,0,0,0,0,0,0,0,0,0,0,0,0,0,0,0,0,0,0
1,0,0,0,0,0,0,0,0,0,0,0,0,0,0,0,0,0,0,0,0,0
1,0,0,0,0,0,0,0,0,0,0,0,0,0,0,0,0,0,0,0,0,0
1,0,0,0,0,0,0,0,0,0,0,0,0,0,0,0,0,0,0,0,0,0
1,0,0,0,0,0,0,0,0,0,0,0,0,0,0,0,0,0,0,0,0,0
1,0,0,0,0,0,0,0,0,0,0,0,0,0,0,0,0,0,0,0,0,0
1,0,0,0,0,0,0,0,0,0,0,0,0,0,0,0,0,0,0,0,0,0
1,0,0,0,0,0,0,0,0,0,0,0,0,0,0,0,0,0,0,0,0,0
1,0,0,0,0,0,0,0,0,0,0,0,0,0,0,0,0,0,0,0,0,0
1,0,0,0,0,0,0,0,0,0,0,0,0,0,0,0,0,0,0,0,0,0
1,0,0,0,0,0,0,0,0,0,0,0,0,0,0,0,0,0,0,0,0,0
1,0,0,0,0,0,0,0,0,0,0,0,0,0,0,0,0,0,0,0,0,0
1,0,0,0,0,0,0,0,0,0,0,0,0,0,0,0,0,0,0,0,0,0
1,0,0,0,0,0,0,0,0,0,0,0,0,0,0,0,0,0,0,0,0,0
1,0,0,0,0,0,0,0,0,0,0,0,0,0,0,0,0,0,0,0,0,0
1,0,0,0,0,0,0,0,0,0,0,0,0,0,0,0,0,0,0,0,0,0
1,0,0,0,0,0,0,0,0,0,0,0,0,0,0,0,0,0,0,0,0,0
1,0,0,0,0,0,0,0,0,0,0,0,0,0,0,0,0,0,0,0,0,0
1,0,0,0,0,0,0,0,0,0,0,0,0,0,0,0,0,0,0,0,0,0
1,0,0,0,0,0,0,0,0,0,0,0,0,0,0,0,0,0,0,0,0,0
1,0,0,0,0,0,0,0,0,0,0,0,0,0,0,0,0,0,0,0,0,0
1,0,0,0,0,0,0,0,0,0,0,0,0,0,0,0,0,0,0,0,0,0
1,0,0,0,0,0,0,0,0,0,0,0,0,0,0,0,0,0,0,0,0,0
1,0,0,0,0,0,0,0,0,0,0,0,0,0,0,0,0,0,0,0,0,0
1,0,0,0,0,0,0,0,0,0,0,0,0,0,0,0,0,0,0,0,0,0
1,0,0,0,0,0,0,0,0,0,0,0,0,0,0,0,0,0,0,0,0,0
1,0,0,0,0,0,0,0,0,0,0,0,0,0,0,0,0,0,0,0,0,0
1,0,0,0,0,0,0,0,0,0,0,0,0,0,0,0,0,0,0,0,0,0
1,0,0,0,0,0,0,0,0,0,0,0,0,0,0,0,0,0,0,0,0,0
1,0,0,0,0,0,0,0,0,0,0,0,0,0,0,0,0,0,0,0,0,0
1,0,0,0,0,0,0,0,0,0,0,0,0,0,0,0,0,0,0,0,0,0
1,0,0,0,0,0,0,0,0,0,0,0,0,0,0,0,0,0,0,0,0,0
1,0,0,0,0,0,0,0,0,0,0,0,0,0,0,0,0,0,0,0,0,0
1,0,0,0,0,0,0,0,0,0,0,0,0,0,0,0,0,0,0,0,0,0
1,0,0,0,0,0,0,0,0,0,0,0,0,0,0,0,0,0,0,0,0,0
1,0,0,0,0,0,0,0,0,0,0,0,0,0,0,0,0,0,0,0,0,0
1,0,0,0,0,0,0,0,0,0,0,0,0,0,0,0,0,0,0,0,0,0
1,0,0,0,0,0,0,0,0,0,0,0,0,0,0,0,0,0,0,0,0,0
1,0,0,0,0,0,0,0,0,0,0,0,0,0,0,0,0,0,0,0,0,0
1,0,0,0,0,0,0,0,0,0,0,0,0,0,0,0,0,0,0,0,0,0
1,0,0,0,0,0,0,0,0,0,0,0,0,0,0,0,0,0,0,0,0,0
1,0,0,0,0,0,0,0,0,0,0,0,0,0,0,0,0,0,0,0,0,0
1,0,0,0,0,0,0,0,0,0,0,0,0,0,0,0,0,0,0,0,0,0
1,0,0,0,0,0,0,0,0,0,0,0,0,0,0,0,0,0,0,0,0,0
1,0,0,0,0,0,0,0,0,0,0,0,0,0,0,0,0,0,0,0,0,0
1,0,0,0,0,0,0,0,0,0,0,0,0,0,0,0,0,0,0,0,0,0
1,0,0,0,0,0,0,0,0,0,0,0,0,0,0,0,0,0,0,0,0,0
1,0,0,0,0,0,0,0,0,0,0,0,0,0,0,0,0,0,0,0,0,0
1,0,0,0,0,0,0,0,0,0,0,0,0,0,0,0,0,0,0,0,0,0
1,0,0,0,0,0,0,0,0,0,0,0,0,0,0,0,0,0,0,0,0,0
1,0,0,0,0,0,0,0,0,0,0,0,0,0,0,0,0,0,0,0,0,0
1,0,43.01,0,0,0,0,0,0,0,0,0,0,0,0,0,0,0,0,0,0,0
1,97.41,43.01,0,0,0,0,0,0,0,0,0,0.00445179,-0.00665319,0.0646392,-0.997877,0.000161142,9.5838e-05,0.00103515,0,0.0294199,9.96356
1,97.41,43.01,0,0,0,0,0,0,0,0,0,0.00445179,-0.00665319,0.0646392,-0.997877,0.000161142,9.5838e-05,0.00103515,0,0.0294199,9.96356
1,97.41,43.01,0,0,0,0,0,0,0,0,0,0.00445179,-0.00665319,0.0646392,-0.997877,0.000161142,9.5838e-05,0.00103515,0,0.0294199,9.96356
1,97.41,43.01,0,0,0,0,0,0,0,0,0,0.00445179,-0.00665319,0.0646392,-0.997877,0.000161142,9.5838e-05,0.00103515,0,0.0294199,9.96356
1,97.41,43.01,0,0,0,0,0,0,0,0,0,0.00445179,-0.00665319,0.0646392,-0.997877,0.000161142,9.5838e-05,0.00103515,0,0.0294199,9.96356
1,97.41,43.01,0,0,0,0,0,0,0,0,0,0.00445179,-0.00665319,0.0646392,-0.997877,0.000161142,9.5838e-05,0.00103515,0,0.0294199,9.96356
1,97.41,43.01,0,0,0,0,0,0,0,0,0,0.00445179,-0.00665319,0.0646392,-0.997877,0.000161142,9.5838e-05,0.00103515,0,0.0294199,9.96356
1,97.41,43.01,0,0,0,0,0,0,0,0,0,0.00445179,-0.00665319,0.0646392,-0.997877,0.000161142,9.5838e-05,0.00103515,0,0.0294199,9.96356
1,97.41,43.01,0,0,0,0,0,0,0,0,0,0.00445179,-0.00665319,0.0646392,-0.997877,0.000161142,9.5838e-05,0.00103515,0,0.0294199,9.96356
1,97.41,43.01,0,0,0,0,0,0,0,0,0,0.00445179,-0.00665319,0.0646392,-0.997877,0.000161142,9.5838e-05,0.00103515,0,0.0294199,9.96356
1,97.41,43.01,0,0,0,0,0,0,0,0,0,0.00445179,-0.00665319,0.0646392,-0.997877,0.000161142,9.5838e-05,0.00103515,0,0.0294199,9.96356
1,97.41,43.01,0,0,0,0,0,0,0,0,0,0.00445179,-0.00665319,0.0646392,-0.997877,0.000161142,9.5838e-05,0.00103515,0,0.0294199,9.96356
1,97.41,43.01,0,0,0,0,0,0,0,0,0,0.00445179,-0.00665319,0.0646392,-0.997877,0.000161142,9.5838e-05,0.00103515,0,0.0294199,9.96356
1,97.41,43.01,0,0,0,0,0,0,0,0,0,0.00445179,-0.00665319,0.0646392,-0.997877,0.000161142,9.5838e-05,0.00103515,0,0.0294199,9.96356
1,97.41,43.01,0,0,0,0,0,0,0,0,0,0.00445179,-0.00665319,0.0646392,-0.997877,0.000161142,9.5838e-05,0.00103515,0,0.0294199,9.96356
1,97.41,43.01,0,0,0,0,0,0,0,0,0,0.00445179,-0.00665319,0.0646392,-0.997877,0.000161142,9.5838e-05,0.00103515,0,0.0294199,9.96356
1,97.41,43.01,0,0,0,0,0,0,0,0,0,0.00445179,-0.00665319,0.0646392,-0.997877,0.000161142,9.5838e-05,0.00103515,0,0.0294199,9.96356
1,97.41,43.01,0,0,0,0,0,0,0,0,0,0.00445179,-0.00665319,0.0646392,-0.997877,0.000161142,9.5838e-05,0.00103515,0,0.0294199,9.96356
1,97.41,43.01,0,0,0,0,0,0,0,0,0,0.00445179,-0.00665319,0.0646392,-0.997877,0.000161142,9.5838e-05,0.00103515,0,0.0294199,9.96356
1,97.41,43.01,0,0,0,0,0,0,0,0,0,0.00445179,-0.00665319,0.0646392,-0.997877,0.000161142,9.5838e-05,0.00103515,0,0.0294199,9.96356
1,97.41,43.01,0,0,0,0,0,0,0,0,0,0.00445179,-0.00665319,0.0646392,-0.997877,0.000161142,9.5838e-05,0.00103515,0,0.0294199,9.96356
1,97.41,43.01,0,0,0,0,0,0,0,0,0,0.00445179,-0.00665319,0.0646392,-0.997877,0.000161142,9.5838e-05,0.00103515,0,0.0294199,9.96356
1,97.41,43.01,0,0,0,0,0,0,0,0,0,0.00445179,-0.00665319,0.0646392,-0.997877,0.000161142,9.5838e-05,0.00103515,0,0.0294199,9.96356
1,97.41,43.01,0,0,0,0,0,0,0,0,0,0.00445179,-0.00665319,0.0646392,-0.997877,0.000161142,9.5838e-05,0.00103515,0,0.0294199,9.96356
1,97.41,43.01,0,0,0,0,0,0,0,0,0,0.00445179,-0.00665319,0.0646392,-0.997877,0.000161142,9.5838e-05,0.00103515,0,0.0294199,9.96356
1,97.41,43.01,0,0,0,0,0,0,0,0,0,0.00445179,-0.00665319,0.0646392,-0.997877,0.000161142,9.5838e-05,0.00103515,0,0.0294199,9.96356
1,97.41,43.01,0,0,0,0,0,0,0,0,0,0.00445179,-0.00665319,0.0646392,-0.997877,0.000161142,9.5838e-05,0.00103515,0,0.0294199,9.96356
1,97.41,43.01,0,0,0,0,0,0,0,0,0,0.00445179,-0.00665319,0.0646392,-0.997877,0.000161142,9.5838e-05,0.00103515,0,0.0294199,9.96356
1,97.41,43.01,0,0,0,0,0,0,0,0,0,0.00445179,-0.00665319,0.0646392,-0.997877,0.000161142,9.5838e-05,0.00103515,0,0.0294199,9.96356
1,97.41,43.01,0,0,0,0,0,0,0,0,0,0.00445179,-0.00665319,0.0646392,-0.997877,0.000161142,9.5838e-05,0.00103515,0,0.0294199,9.96356
1,97.41,43.01,0,0,0,0,0,0,0,0,0,0.00445179,-0.00665319,0.0646392,-0.997877,0.000161142,9.5838e-05,0.00103515,0,0.0294199,9.96356
1,97.41,43.01,0,0,0,0,0,0,0,0,0,0.00445179,-0.00665319,0.0646392,-0.997877,0.000161142,9.5838e-05,0.00103515,0,0.0294199,9.96356
1,97.41,43.01,0,0,0,0,0,0,0,0,0,0.00445179,-0.00665319,0.0646392,-0.997877,0.000161142,9.5838e-05,0.00103515,0,0.0294199,9.96356
1,97.41,43.01,0,0,0,0,0,0,0,0,0,0.00445179,-0.00665319,0.0646392,-0.997877,0.000161142,9.5838e-05,0.00103515,0,0.0294199,9.96356
1,97.41,43.01,0,0,0,0,0,0,0,0,0,0.00445179,-0.00665319,0.0646392,-0.997877,0.000161142,9.5838e-05,0.00103515,0,0.0294199,9.96356
1,97.41,43.01,0,0,0,0,0,0,0,0,0,0.00445179,-0.00665319,0.0646392,-0.997877,0.000161142,9.5838e-05,0.00103515,0,0.0294199,9.96356
1,97.41,43.01,0,0,0,0,0,0,0,0,0,0.00445179,-0.00665319,0.0646392,-0.997877,0.000161142,9.5838e-05,0.00103515,0,0.0294199,9.96356
1,97.41,43.01,0,0,0,0,0,0,0,0,0,0.00445179,-0.00665319,0.0646392,-0.997877,0.000161142,9.5838e-05,0.00103515,0,0.0294199,9.96356
1,97.41,43.01,0,0,0,0,0,0,0,0,0,0.00445179,-0.00665319,0.0646392,-0.997877,0.000161142,9.5838e-05,0.00103515,0,0.0294199,9.96356
1,97.41,43.01,0,0,0,0,0,0,0,0,0,0.00445179,-0.00665319,0.0646392,-0.997877,0.000161142,9.5838e-05,0.00103515,0,0.0294199,9.96356
1,97.41,43.01,0,0,0,0,0,0,0,0,0,0.00445179,-0.00665319,0.0646392,-0.997877,0.000161142,9.5838e-05,0.00103515,0,0.0294199,9.96356
1,97.41,43.01,0,0,0,0,0,0,0,0,0,0.00445179,-0.00665319,0.0646392,-0.997877,0.000161142,9.5838e-05,0.00103515,0,0.0294199,9.96356
1,97.41,43.01,0,0,0,0,0,0,0,0,0,0.00445179,-0.00665319,0.0646392,-0.997877,0.000161142,9.5838e-05,0.00103515,0,0.0294199,9.96356
1,97.41,43.01,0,0,0,0,0,0,0,0,0,0.00445179,-0.00665319,0.0646392,-0.997877,0.000161142,9.5838e-05,0.00103515,0,0.0294199,9.96356
1,97.41,43.01,0,0,0,0,0,0,0,0,0,0.00445179,-0.00665319,0.0646392,-0.997877,0.000161142,9.5838e-05,0.00103515,0,0.0294199,9.96356
1,97.41,43.01,0,0,0,0,0,0,0,0,0,0.00445179,-0.00665319,0.0646392,-0.997877,0.000161142,9.5838e-05,0.00103515,0,0.0294199,9.96356
1,97.41,43.01,0,0,0,0,0,0,0,0,0,0.00445179,-0.00665319,0.0646392,-0.997877,0.000161142,9.5838e-05,0.00103515,0,0.0294199,9.96356
1,97.41,43.01,0,0,0,0,0,0,0,0,0,0.00445179,-0.00665319,0.0646392,-0.997877,0.000161142,9.5838e-05,0.00103515,0,0.0294199,9.96356
1,97.41,43.01,0,0,0,0,0,0,0,0,0,0.00445179,-0.00665319,0.0646392,-0.997877,0.000161142,9.5838e-05,0.00103515,0,0.0294199,9.96356
1,97.41,43.01,0,0,0,0,0,0,0,0,0,0.00445179,-0.00665319,0.0646392,-0.997877,0.000161142,9.5838e-05,0.00103515,0,0.0294199,9.96356
1,97.41,43.01,0,0,0,0,0,0,0,0,0,0.00445179,-0.00665319,0.0646392,-0.997877,0.000161142,9.5838e-05,0.00103515,0,0.0294199,9.96356
1,97.41,43.01,0,0,0,0,0,0,0,0,0,0.00445179,-0.00665319,0.0646392,-0.997877,0.000161142,9.5838e-05,0.00103515,0,0.0294199,9.96356
1,97.41,43.01,0,0,0,0,0,0,0,0,0,0.00445179,-0.00665319,0.0646392,-0.997877,0.000161142,9.5838e-05,0.00103515,0,0.0294199,9.96356
1,97.41,43.01,0,0,0,0,0,0,0,0,0,0.00445179,-0.00665319,0.0646392,-0.997877,0.000161142,9.5838e-05,0.00103515,0,0.0294199,9.96356
1,97.41,43.01,0,0,0,0,0,0,0,0,0,0.00445179,-0.00665319,0.0646392,-0.997877,0.000161142,9.5838e-05,0.00103515,0,0.0294199,9.96356
1,97.41,43.01,0,0,0,0,0,0,0,0,0,0.00445179,-0.00665319,0.0646392,-0.997877,0.000161142,9.5838e-05,0.00103515,0,0.0294199,9.96356
1,97.41,43.01,0,0,0,0,0,0,0,0,0,0.00445179,-0.00665319,0.0646392,-0.997877,0.000161142,9.5838e-05,0.00103515,0,0.0294199,9.96356
1,97.41,43.01,0,0,0,0,0,0,0,0,0,0.00445179,-0.00665319,0.0646392,-0.997877,0.000161142,9.5838e-05,0.00103515,0,0.0294199,9.96356
1,97.41,43.01,0,0,0,0,0,0,0,0,0,0.00445179,-0.00665319,0.0646392,-0.997877,0.000161142,9.5838e-05,0.00103515,0,0.0294199,9.96356
1,97.41,43.01,0,0,0,0,0,0,0,0,0,0.00445179,-0.00665319,0.0646392,-0.997877,0.000161142,9.5838e-05,0.00103515,0,0.0294199,9.96356
1,97.41,43.01,0,0,0,0,0,0,0,0,0,0.00445179,-0.00665319,0.0646392,-0.997877,0.000161142,9.5838e-05,0.00103515,0,0.0294199,9.96356
1,97.41,43.02,0,0,0,0,0,0,0,0,0,0.00445179,-0.00665319,0.0646392,-0.997877,0.000161142,9.5838e-05,0.00103515,0,0.0294199,9.96356
1,97.43,43.02,0,0,0,0,0,0,0,0,0,0.00425964,-0.00641948,0.0648014,-0.997868,-0.00275107,0.00183364,0.000771776,0,0.0588399,9.99298
1,97.43,43.02,0,0,0,0,0,0,0,0,0,0.00425964,-0.00641948,0.0648014,-0.997868,-0.00275107,0.00183364,0.000771776,0,0.0588399,9.99298
1,97.43,43.02,0,0,0,0,0,0,0,0,0,0.00425964,-0.00641948,0.0648014,-0.997868,-0.00275107,0.00183364,0.000771776,0,0.0588399,9.99298
1,97.43,43.02,0,0,0,0,0,0,0,0,0,0.00425964,-0.00641948,0.0648014,-0.997868,-0.00275107,0.00183364,0.000771776,0,0.0588399,9.99298
1,97.43,43.02,0,0,0,0,0,0,0,0,0,0.00425964,-0.00641948,0.0648014,-0.997868,-0.00275107,0.00183364,0.000771776,0,0.0588399,9.99298
1,97.43,43.02,0,0,0,0,0,0,0,0,0,0.00425964,-0.00641948,0.0648014,-0.997868,-0.00275107,0.00183364,0.000771776,0,0.0588399,9.99298
1,97.43,43.02,0,0,0,0,0,0,0,0,0,0.00425964,-0.00641948,0.0648014,-0.997868,-0.00275107,0.00183364,0.000771776,0,0.0588399,9.99298
1,97.43,43.02,0,0,0,0,0,0,0,0,0,0.00425964,-0.00641948,0.0648014,-0.997868,-0.00275107,0.00183364,0.000771776,0,0.0588399,9.99298
1,97.43,43.02,0,0,0,0,0,0,0,0,0,0.00425964,-0.00641948,0.0648014,-0.997868,-0.00275107,0.00183364,0.000771776,0,0.0588399,9.99298
1,97.43,43.02,0,0,0,0,0,0,0,0,0,0.00425964,-0.00641948,0.0648014,-0.997868,-0.00275107,0.00183364,0.000771776,0,0.0588399,9.99298
1,97.43,43.02,0,0,0,0,0,0,0,0,0,0.00425964,-0.00641948,0.0648014,-0.997868,-0.00275107,0.00183364,0.000771776,0,0.0588399,9.99298
1,97.43,43.02,0,0,0,0,0,0,0,0,0,0.00425964,-0.00641948,0.0648014,-0.997868,-0.00275107,0.00183364,0.000771776,0,0.0588399,9.99298
1,97.43,43.02,0,0,0,0,0,0,0,0,0,0.00425964,-0.00641948,0.0648014,-0.997868,-0.00275107,0.00183364,0.000771776,0,0.0588399,9.99298
1,97.43,43.02,0,0,0,0,0,0,0,0,0,0.00425964,-0.00641948,0.0648014,-0.997868,-0.00275107,0.00183364,0.000771776,0,0.0588399,9.99298
2,97.43,43.02,0,0,0,0,0,0,0,0,0,0.00425964,-0.00641948,0.0648014,-0.997868,-0.00275107,0.00183364,0.000771776,0,0.0588399,9.99298
2,97.43,43.02,0,0,0,0,0,0,0,0,0,0.00425964,-0.00641948,0.0648014,-0.997868,-0.00275107,0.00183364,0.000771776,0,0.0588399,9.99298
2,97.43,43.02,0,0,0,0,0,0,0,0,0,0.00425964,-0.00641948,0.0648014,-0.997868,-0.00275107,0.00183364,0.000771776,0,0.0588399,9.99298
2,97.43,43.02,0,0,0,0,0,0,0,0,0,0.00425964,-0.00641948,0.0648014,-0.997868,-0.00275107,0.00183364,0.000771776,0,0.0588399,9.99298
2,97.43,43.02,0,0,0,0,0,0,0,0,0,0.00425964,-0.00641948,0.0648014,-0.997868,-0.00275107,0.00183364,0.000771776,0,0.0588399,9.99298
2,97.43,43.02,0,0,0,0,0,0,0,0,0,0.00425964,-0.00641948,0.0648014,-0.997868,-0.00275107,0.00183364,0.000771776,0,0.0588399,9.99298
2,97.43,43.02,0,0,0,0,0,0,0,0,0,0.00425964,-0.00641948,0.0648014,-0.997868,-0.00275107,0.00183364,0.000771776,0,0.0588399,9.99298
2,97.43,43.02,0,0,0,0,0,0,0,0,0,0.00425964,-0.00641948,0.0648014,-0.997868,-0.00275107,0.00183364,0.000771776,0,0.0588399,9.99298
2,97.43,43.02,0,0,0,0,0,0,0,0,0,0.00425964,-0.00641948,0.0648014,-0.997868,-0.00275107,0.00183364,0.000771776,0,0.0588399,9.99298
2,97.43,43.02,0,0,0,0,0,0,0,0,0,0.00425964,-0.00641948,0.0648014,-0.997868,-0.00275107,0.00183364,0.000771776,0,0.0588399,9.99298
2,97.43,43.02,0,0,0,0,0,0,0,0,0,0.00425964,-0.00641948,0.0648014,-0.997868,-0.00275107,0.00183364,0.000771776,0,0.0588399,9.99298
2,97.43,43.02,0,0,0,0,0,0,0,0,0,0.00425964,-0.00641948,0.0648014,-0.997868,-0.00275107,0.00183364,0.000771776,0,0.0588399,9.99298
2,97.43,43.02,0,0,0,0,0,0,0,0,0,0.00425964,-0.00641948,0.0648014,-0.997868,-0.00275107,0.00183364,0.000771776,0,0.0588399,9.99298
2,97.43,43.02,0,0,0,0,0,0,0,0,0,0.00425964,-0.00641948,0.0648014,-0.997868,-0.00275107,0.00183364,0.000771776,0,0.0588399,9.99298
2,97.43,43.02,0,0,0,0,0,0,0,0,0,0.00425964,-0.00641948,0.0648014,-0.997868,-0.00275107,0.00183364,0.000771776,0,0.0588399,9.99298
2,97.43,43.02,0,0,0,0,0,0,0,0,0,0.00425964,-0.00641948,0.0648014,-0.997868,-0.00275107,0.00183364,0.000771776,0,0.0588399,9.99298
2,97.43,43.02,0,0,0,0,0,0,0,0,0,0.00425964,-0.00641948,0.0648014,-0.997868,-0.00275107,0.00183364,0.000771776,0,0.0588399,9.99298
2,97.43,43.02,0,0,0,0,0,0,0,0,0,0.00425964,-0.00641948,0.0648014,-0.997868,-0.00275107,0.00183364,0.000771776,0,0.0588399,9.99298
2,97.43,43.02,0,0,0,0,0,0,0,0,0,0.00425964,-0.00641948,0.0648014,-0.997868,-0.00275107,0.00183364,0.000771776,0,0.0588399,9.99298
2,97.43,43.02,0,0,0,0,0,0,0,0,0,0.00425964,-0.00641948,0.0648014,-0.997868,-0.00275107,0.00183364,0.000771776,0,0.0588399,9.99298
2,97.43,43.02,0,0,0,0,0,0,0,0,0,0.00425964,-0.00641948,0.0648014,-0.997868,-0.00275107,0.00183364,0.000771776,0,0.0588399,9.99298
2,97.43,43.02,0,0,0,0,0,0,0,0,0,0.00425964,-0.00641948,0.0648014,-0.997868,-0.00275107,0.00183364,0.000771776,0,0.0588399,9.99298
2,97.43,43.02,0,0,0,0,0,0,0,0,0,0.00425964,-0.00641948,0.0648014,-0.997868,-0.00275107,0.00183364,0.000771776,0,0.0588399,9.99298
2,97.43,43.02,0,0,0,0,0,0,0,0,0,0.00425964,-0.00641948,0.0648014,-0.997868,-0.00275107,0.00183364,0.000771776,0,0.0588399,9.99298
2,97.43,43.02,0,0,0,0,0,0,0,0,0,0.00425964,-0.00641948,0.0648014,-0.997868,-0.00275107,0.00183364,0.000771776,0,0.0588399,9.99298
2,97.43,43.02,0,0,0,0,0,0,0,0,0,0.00425964,-0.00641948,0.0648014,-0.997868,-0.00275107,0.00183364,0.000771776,0,0.0588399,9.99298
2,97.43,43.02,0,0,0,0,0,0,0,0,0,0.00425964,-0.00641948,0.0648014,-0.997868,-0.00275107,0.00183364,0.000771776,0,0.0588399,9.99298
2,97.43,43.02,0,0,0,0,0,0,0,0,0,0.00425964,-0.00641948,0.0648014,-0.997868,-0.00275107,0.00183364,0.000771776,0,0.0588399,9.99298
2,97.43,43.02,0,0,0,0,0,0,0,0,0,0.00425964,-0.00641948,0.0648014,-0.997868,-0.00275107,0.00183364,0.000771776,0,0.0588399,9.99298
2,97.43,43.02,0,0,0,0,0,0,0,0,0,0.00425964,-0.00641948,0.0648014,-0.997868,-0.00275107,0.00183364,0.000771776,0,0.0588399,9.99298
2,97.43,43.02,0,0,0,0,0,0,0,0,0,0.00425964,-0.00641948,0.0648014,-0.997868,-0.00275107,0.00183364,0.000771776,0,0.0588399,9.99298
2,97.43,43.02,0,0,0,0,0,0,0,0,0,0.00425964,-0.00641948,0.0648014,-0.997868,-0.00275107,0.00183364,0.000771776,0,0.0588399,9.99298
2,97.43,43.02,0,0,0,0,0,0,0,0,0,0.00425964,-0.00641948,0.0648014,-0.997868,-0.00275107,0.00183364,0.000771776,0,0.0588399,9.99298
2,97.43,43.02,0,0,0,0,0,0,0,0,0,0.00425964,-0.00641948,0.0648014,-0.997868,-0.00275107,0.00183364,0.000771776,0,0.0588399,9.99298
2,97.43,43.02,0,0,0,0,0,0,0,0,0,0.00425964,-0.00641948,0.0648014,-0.997868,-0.00275107,0.00183364,0.000771776,0,0.0588399,9.99298
2,97.43,43.02,0,0,0,0,0,0,0,0,0,0.00425964,-0.00641948,0.0648014,-0.997868,-0.00275107,0.00183364,0.000771776,0,0.0588399,9.99298
2,97.43,43.02,0,0,0,0,0,0,0,0,0,0.00425964,-0.00641948,0.0648014,-0.997868,-0.00275107,0.00183364,0.000771776,0,0.0588399,9.99298
2,97.43,43.02,0,0,0,0,0,0,0,0,0,0.00425964,-0.00641948,0.0648014,-0.997868,-0.00275107,0.00183364,0.000771776,0,0.0588399,9.99298
2,97.43,43.02,0,0,0,0,0,0,0,0,0,0.00425964,-0.00641948,0.0648014,-0.997868,-0.00275107,0.00183364,0.000771776,0,0.0588399,9.99298
2,97.43,43.02,0,0,0,0,0,0,0,0,0,0.00425964,-0.00641948,0.0648014,-0.997868,-0.00275107,0.00183364,0.000771776,0,0.0588399,9.99298
2,97.43,43.02,0,0,0,0,0,0,0,0,0,0.00425964,-0.00641948,0.0648014,-0.997868,-0.00275107,0.00183364,0.000771776,0,0.0588399,9.99298
2,97.43,43.02,0,0,0,0,0,0,0,0,0,0.00425964,-0.00641948,0.0648014,-0.997868,-0.00275107,0.00183364,0.000771776,0,0.0588399,9.99298
2,97.43,43.02,0,0,0,0,0,0,0,0,0,0.00425964,-0.00641948,0.0648014,-0.997868,-0.00275107,0.00183364,0.000771776,0,0.0588399,9.99298
2,97.43,43.02,0,0,0,0,0,0,0,0,0,0.00425964,-0.00641948,0.0648014,-0.997868,-0.00275107,0.00183364,0.000771776,0,0.0588399,9.99298
2,97.43,43.02,0,0,0,0,0,0,0,0,0,0.00425964,-0.00641948,0.0648014,-0.997868,-0.00275107,0.00183364,0.000771776,0,0.0588399,9.99298
2,97.43,43.02,0,0,0,0,0,0,0,0,0,0.00425964,-0.00641948,0.0648014,-0.997868,-0.00275107,0.00183364,0.000771776,0,0.0588399,9.99298
2,97.43,43.02,0,0,0,0,0,0,0,0,0,0.00425964,-0.00641948,0.0648014,-0.997868,-0.00275107,0.00183364,0.000771776,0,0.0588399,9.99298
2,97.43,43.02,0,0,0,0,0,0,0,0,0,0.00425964,-0.00641948,0.0648014,-0.997868,-0.00275107,0.00183364,0.000771776,0,0.0588399,9.99298
2,97.43,43.02,0,0,0,0,0,0,0,0,0,0.00425964,-0.00641948,0.0648014,-0.997868,-0.00275107,0.00183364,0.000771776,0,0.0588399,9.99298
2,97.43,43.02,0,0,0,0,0,0,0,0,0,0.00425964,-0.00641948,0.0648014,-0.997868,-0.00275107,0.00183364,0.000771776,0,0.0588399,9.99298
2,97.43,43.03,0,0,0,0,0,0,0,0,0,0.00425964,-0.00641948,0.0648014,-0.997868,-0.00275107,0.00183364,0.000771776,0,0.0588399,9.99298
2,97.48,43.03,0,0,0,0,0,0,0,0,0,0.00478456,-0.00681682,0.0652175,-0.997836,-0.00352742,0.0016781,-0.000415556,-0.0980665,-0.00980665,10.0028
2,97.48,43.03,0,0,0,0,0,0,0,0,0,0.00478456,-0.00681682,0.0652175,-0.997836,-0.00352742,0.0016781,-0.000415556,-0.0980665,-0.00980665,10.0028
2,97.48,43.03,0,0,0,0,0,0,0,0,0,0.00478456,-0.00681682,0.0652175,-0.997836,-0.00352742,0.0016781,-0.000415556,-0.0980665,-0.00980665,10.0028
2,97.48,43.03,0,0,0,0,0,0,0,0,0,0.00478456,-0.00681682,0.0652175,-0.997836,-0.00352742,0.0016781,-0.000415556,-0.0980665,-0.00980665,10.0028
2,97.48,43.03,0,0,0,0,0,0,0,0,0,0.00478456,-0.00681682,0.0652175,-0.997836,-0.00352742,0.0016781,-0.000415556,-0.0980665,-0.00980665,10.0028
2,97.48,43.03,0,0,0,0,0,0,0,0,0,0.00478456,-0.00681682,0.0652175,-0.997836,-0.00352742,0.0016781,-0.000415556,-0.0980665,-0.00980665,10.0028
2,97.48,43.03,0,0,0,0,0,0,0,0,0,0.00478456,-0.00681682,0.0652175,-0.997836,-0.00352742,0.0016781,-0.000415556,-0.0980665,-0.00980665,10.0028
2,97.48,43.03,0,0,0,0,0,0,0,0,0,0.00478456,-0.00681682,0.0652175,-0.997836,-0.00352742,0.0016781,-0.000415556,-0.0980665,-0.00980665,10.0028
2,97.48,43.03,0,0,0,0,0,0,0,0,0,0.00478456,-0.00681682,0.0652175,-0.997836,-0.00352742,0.0016781,-0.000415556,-0.0980665,-0.00980665,10.0028
2,97.48,43.03,0,0,0,0,0,0,0,0,0,0.00478456,-0.00681682,0.0652175,-0.997836,-0.00352742,0.0016781,-0.000415556,-0.0980665,-0.00980665,10.0028
2,97.48,43.03,0,0,0,0,0,0,0,0,0,0.00478456,-0.00681682,0.0652175,-0.997836,-0.00352742,0.0016781,-0.000415556,-0.0980665,-0.00980665,10.0028
2,97.48,43.03,0,0,0,0,0,0,0,0,0,0.00478456,-0.00681682,0.0652175,-0.997836,-0.00352742,0.0016781,-0.000415556,-0.0980665,-0.00980665,10.0028
2,97.48,43.03,0,0,0,0,0,0,0,0,0,0.00478456,-0.00681682,0.0652175,-0.997836,-0.00352742,0.0016781,-0.000415556,-0.0980665,-0.00980665,10.0028
2,97.48,43.03,0,0,0,0,0,0,0,0,0,0.00478456,-0.00681682,0.0652175,-0.997836,-0.00352742,0.0016781,-0.000415556,-0.0980665,-0.00980665,10.0028
2,97.48,43.03,0,0,0,0,0,0,0,0,0,0.00478456,-0.00681682,0.0652175,-0.997836,-0.00352742,0.0016781,-0.000415556,-0.0980665,-0.00980665,10.0028
2,97.48,43.03,0,0,0,0,0,0,0,0,0,0.00478456,-0.00681682,0.0652175,-0.997836,-0.00352742,0.0016781,-0.000415556,-0.0980665,-0.00980665,10.0028
2,97.48,43.03,0,0,0,0,0,0,0,0,0,0.00478456,-0.00681682,0.0652175,-0.997836,-0.00352742,0.0016781,-0.000415556,-0.0980665,-0.00980665,10.0028
2,97.48,43.03,0,0,0,0,0,0,0,0,0,0.00478456,-0.00681682,0.0652175,-0.997836,-0.00352742,0.0016781,-0.000415556,-0.0980665,-0.00980665,10.0028
2,97.48,43.03,0,0,0,0,0,0,0,0,0,0.00478456,-0.00681682,0.0652175,-0.997836,-0.00352742,0.0016781,-0.000415556,-0.0980665,-0.00980665,10.0028
2,97.48,43.03,0,0,0,0,0,0,0,0,0,0.00478456,-0.00681682,0.0652175,-0.997836,-0.00352742,0.0016781,-0.000415556,-0.0980665,-0.00980665,10.0028
2,97.48,43.03,0,0,0,0,0,0,0,0,0,0.00478456,-0.00681682,0.0652175,-0.997836,-0.00352742,0.0016781,-0.000415556,-0.0980665,-0.00980665,10.0028
2,97.48,43.03,0,0,0,0,0,0,0,0,0,0.00478456,-0.00681682,0.0652175,-0.997836,-0.00352742,0.0016781,-0.000415556,-0.0980665,-0.00980665,10.0028
2,97.48,43.03,0,0,0,0,0,0,0,0,0,0.00478456,-0.00681682,0.0652175,-0.997836,-0.00352742,0.0016781,-0.000415556,-0.0980665,-0.00980665,10.0028
2,97.48,43.03,0,0,0,0,0,0,0,0,0,0.00478456,-0.00681682,0.0652175,-0.997836,-0.00352742,0.0016781,-0.000415556,-0.0980665,-0.00980665,10.0028
2,97.48,43.03,0,0,0,0,0,0,0,0,0,0.00478456,-0.00681682,0.0652175,-0.997836,-0.00352742,0.0016781,-0.000415556,-0.0980665,-0.00980665,10.0028
2,97.48,43.03,0,0,0,0,0,0,0,0,0,0.00478456,-0.00681682,0.0652175,-0.997836,-0.00352742,0.0016781,-0.000415556,-0.0980665,-0.00980665,10.0028
2,97.48,43.03,0,0,0,0,0,0,0,0,0,0.00478456,-0.00681682,0.0652175,-0.997836,-0.00352742,0.0016781,-0.000415556,-0.0980665,-0.00980665,10.0028
2,97.48,43.03,0,0,0,0,0,0,0,0,0,0.00478456,-0.00681682,0.0652175,-0.997836,-0.00352742,0.0016781,-0.000415556,-0.0980665,-0.00980665,10.0028
2,97.48,43.03,0,0,0,0,0,0,0,0,0,0.00478456,-0.00681682,0.0652175,-0.997836,-0.00352742,0.0016781,-0.000415556,-0.0980665,-0.00980665,10.0028
2,97.48,43.03,0,0,0,0,0,0,0,0,0,0.00478456,-0.00681682,0.0652175,-0.997836,-0.00352742,0.0016781,-0.000415556,-0.0980665,-0.00980665,10.0028
2,97.48,43.03,0,0,0,0,0,0,0,0,0,0.00478456,-0.00681682,0.0652175,-0.997836,-0.00352742,0.0016781,-0.000415556,-0.0980665,-0.00980665,10.0028
2,97.48,43.03,0,0,0,0,0,0,0,0,0,0.00478456,-0.00681682,0.0652175,-0.997836,-0.00352742,0.0016781,-0.000415556,-0.0980665,-0.00980665,10.0028
2,97.48,43.03,0,0,0,0,0,0,0,0,0,0.00478456,-0.00681682,0.0652175,-0.997836,-0.00352742,0.0016781,-0.000415556,-0.0980665,-0.00980665,10.0028
2,97.48,43.03,0,0,0,0,0,0,0,0,0,0.00478456,-0.00681682,0.0652175,-0.997836,-0.00352742,0.0016781,-0.000415556,-0.0980665,-0.00980665,10.0028
2,97.48,43.03,0,0,0,0,0,0,0,0,0,0.00478456,-0.00681682,0.0652175,-0.997836,-0.00352742,0.0016781,-0.000415556,-0.0980665,-0.00980665,10.0028
2,97.48,43.03,0,0,0,0,0,0,0,0,0,0.00478456,-0.00681682,0.0652175,-0.997836,-0.00352742,0.0016781,-0.000415556,-0.0980665,-0.00980665,10.0028
2,97.48,43.03,0,0,0,0,0,0,0,0,0,0.00478456,-0.00681682,0.0652175,-0.997836,-0.00352742,0.0016781,-0.000415556,-0.0980665,-0.00980665,10.0028
2,97.48,43.03,0,0,0,0,0,0,0,0,0,0.00478456,-0.00681682,0.0652175,-0.997836,-0.00352742,0.0016781,-0.000415556,-0.0980665,-0.00980665,10.0028
2,97.48,43.03,0,0,0,0,0,0,0,0,0,0.00478456,-0.00681682,0.0652175,-0.997836,-0.00352742,0.0016781,-0.000415556,-0.0980665,-0.00980665,10.0028
2,97.48,43.03,0,0,0,0,0,0,0,0,0,0.00478456,-0.00681682,0.0652175,-0.997836,-0.00352742,0.0016781,-0.000415556,-0.0980665,-0.00980665,10.0028
2,97.48,43.03,0,0,0,0,0,0,0,0,0,0.00478456,-0.00681682,0.0652175,-0.997836,-0.00352742,0.0016781,-0.000415556,-0.0980665,-0.00980665,10.0028
2,97.48,43.03,0,0,0,0,0,0,0,0,0,0.00478456,-0.00681682,0.0652175,-0.997836,-0.00352742,0.0016781,-0.000415556,-0.0980665,-0.00980665,10.0028
2,97.48,43.03,0,0,0,0,0,0,0,0,0,0.00478456,-0.00681682,0.0652175,-0.997836,-0.00352742,0.0016781,-0.000415556,-0.0980665,-0.00980665,10.0028
2,97.48,43.03,0,0,0,0,0,0,0,0,0,0.00478456,-0.00681682,0.0652175,-0.997836,-0.00352742,0.0016781,-0.000415556,-0.0980665,-0.00980665,10.0028
2,97.48,43.03,0,0,0,0,0,0,0,0,0,0.00478456,-0.00681682,0.0652175,-0.997836,-0.00352742,0.0016781,-0.000415556,-0.0980665,-0.00980665,10.0028
2,97.48,43.03,0,0,0,0,0,0,0,0,0,0.00478456,-0.00681682,0.0652175,-0.997836,-0.00352742,0.0016781,-0.000415556,-0.0980665,-0.00980665,10.0028
2,97.48,43.03,0,0,0,0,0,0,0,0,0,0.00478456,-0.00681682,0.0652175,-0.997836,-0.00352742,0.0016781,-0.000415556,-0.0980665,-0.00980665,10.0028
2,97.48,43.03,0,0,0,0,0,0,0,0,0,0.00478456,-0.00681682,0.0652175,-0.997836,-0.00352742,0.0016781,-0.000415556,-0.0980665,-0.00980665,10.0028
2,97.48,43.03,0,0,0,0,0,0,0,0,0,0.00478456,-0.00681682,0.0652175,-0.997836,-0.00352742,0.0016781,-0.000415556,-0.0980665,-0.00980665,10.0028
2,97.48,43.03,0,0,0,0,0,0,0,0,0,0.00478456,-0.00681682,0.0652175,-0.997836,-0.00352742,0.0016781,-0.000415556,-0.0980665,-0.00980665,10.0028
2,97.48,43.03,0,0,0,0,0,0,0,0,0,0.00478456,-0.00681682,0.0652175,-0.997836,-0.00352742,0.0016781,-0.000415556,-0.0980665,-0.00980665,10.0028
2,97.48,43.03,0,0,0,0,0,0,0,0,0,0.00478456,-0.00681682,0.0652175,-0.997836,-0.00352742,0.0016781,-0.000415556,-0.0980665,-0.00980665,10.0028
2,97.48,43.03,0,0,0,0,0,0,0,0,0,0.00478456,-0.00681682,0.0652175,-0.997836,-0.00352742,0.0016781,-0.000415556,-0.0980665,-0.00980665,10.0028
2,97.48,43.03,0,0,0,0,0,0,0,0,0,0.00478456,-0.00681682,0.0652175,-0.997836,-0.00352742,0.0016781,-0.000415556,-0.0980665,-0.00980665,10.0028
2,97.48,43.03,0,0,0,0,0,0,0,0,0,0.00478456,-0.00681682,0.0652175,-0.997836,-0.00352742,0.0016781,-0.000415556,-0.0980665,-0.00980665,10.0028
2,97.48,43.03,0,0,0,0,0,0,0,0,0,0.00478456,-0.00681682,0.0652175,-0.997836,-0.00352742,0.0016781,-0.000415556,-0.0980665,-0.00980665,10.0028
2,97.48,43.03,0,0,0,0,0,0,0,0,0,0.00478456,-0.00681682,0.0652175,-0.997836,-0.00352742,0.0016781,-0.000415556,-0.0980665,-0.00980665,10.0028
2,97.48,43.03,0,0,0,0,0,0,0,0,0,0.00478456,-0.00681682,0.0652175,-0.997836,-0.00352742,0.0016781,-0.000415556,-0.0980665,-0.00980665,10.0028
2,97.48,43.03,0,0,0,0,0,0,0,0,0,0.00478456,-0.00681682,0.0652175,-0.997836,-0.00352742,0.0016781,-0.000415556,-0.0980665,-0.00980665,10.0028
2,97.48,43.03,0,0,0,0,0,0,0,0,0,0.00478456,-0.00681682,0.0652175,-0.997836,-0.00352742,0.0016781,-0.000415556,-0.0980665,-0.00980665,10.0028
2,97.48,43.03,0,0,0,0,0,0,0,0,0,0.00478456,-0.00681682,0.0652175,-0.997836,-0.00352742,0.0016781,-0.000415556,-0.0980665,-0.00980665,10.0028
2,97.48,43.03,0,0,0,0,0,0,0,0,0,0.00478456,-0.00681682,0.0652175,-0.997836,-0.00352742,0.0016781,-0.000415556,-0.0980665,-0.00980665,10.0028
2,97.48,43.03,0,0,0,0,0,0,0,0,0,0.00478456,-0.00681682,0.0652175,-0.997836,-0.00352742,0.0016781,-0.000415556,-0.0980665,-0.00980665,10.0028
2,97.48,43.03,0,0,0,0,0,0,0,0,0,0.00478456,-0.00681682,0.0652175,-0.997836,-0.00352742,0.0016781,-0.000415556,-0.0980665,-0.00980665,10.0028
2,97.48,43.03,0,0,0,0,0,0,0,0,0,0.00478456,-0.00681682,0.0652175,-0.997836,-0.00352742,0.0016781,-0.000415556,-0.0980665,-0.00980665,10.0028
2,97.43,43.03,0,0,0,0,0,0,0,0,0,0.00478456,-0.00681682,0.0652175,-0.997836,-0.00352742,0.0016781,-0.000415556,-0.0980665,-0.00980665,10.0028
2,97.43,43.03,0,0,0,0,0,0,0,0,0,0.00478456,-0.00681682,0.0652175,-0.997836,-0.00352742,0.0016781,-0.000415556,-0.0980665,-0.00980665,10.0028
2,97.43,43.03,0,0,0,0,0,0,0,0,0,0.00339658,-0.00571002,0.0647842,-0.997877,0.000286019,-0.00174508,0.001545,-0.0980665,-0.00980665,10.0028
2,97.43,43.03,0,0,0,0,0,0,0,0,0,0.00339658,-0.00571002,0.0647842,-0.997877,0.000286019,-0.00174508,0.001545,-0.0980665,-0.00980665,10.0028
2,97.43,43.03,0,0,0,0,0,0,0,0,0,0.00339658,-0.00571002,0.0647842,-0.997877,0.000286019,-0.00174508,0.001545,-0.0980665,-0.00980665,10.0028
2,97.43,43.03,0,0,0,0,0,0,0,0,0,0.00339658,-0.00571002,0.0647842,-0.997877,0.000286019,-0.00174508,0.001545,-0.0980665,-0.00980665,10.0028
2,97.43,43.03,0,0,0,0,0,0,0,0,0,0.00339658,-0.00571002,0.0647842,-0.997877,0.000286019,-0.00174508,0.001545,-0.0980665,-0.00980665,10.0028
2,97.43,43.03,0,0,0,0,0,0,0,0,0,0.00339658,-0.00571002,0.0647842,-0.997877,0.000286019,-0.00174508,0.001545,-0.0980665,-0.00980665,10.0028
2,97.43,43.03,0,0,0,0,0,0,0,0,0,0.00339658,-0.00571002,0.0647842,-0.997877,0.000286019,-0.00174508,0.001545,-0.0980665,-0.00980665,10.0028
2,97.43,43.03,0,0,0,0,0,0,0,0,0,0.00339658,-0.00571002,0.0647842,-0.997877,0.000286019,-0.00174508,0.001545,-0.0980665,-0.00980665,10.0028
2,97.43,43.03,0,0,0,0,0,0,0,0,0,0.00339658,-0.00571002,0.0647842,-0.997877,0.000286019,-0.00174508,0.001545,-0.0980665,-0.00980665,10.0028
2,97.43,43.03,0,0,0,0,0,0,0,0,0,0.00339658,-0.00571002,0.0647842,-0.997877,0.000286019,-0.00174508,0.001545,-0.0980665,-0.00980665,10.0028
2,97.43,43.03,0,0,0,0,0,0,0,0,0,0.00339658,-0.00571002,0.0647842,-0.997877,0.000286019,-0.00174508,0.001545,-0.0980665,-0.00980665,10.0028
2,97.43,43.03,0,0,0,0,0,0,0,0,0,0.00339658,-0.00571002,0.0647842,-0.997877,0.000286019,-0.00174508,0.001545,-0.0980665,-0.00980665,10.0028
2,97.43,43.03,0,0,0,0,0,0,0,0,0,0.00339658,-0.00571002,0.0647842,-0.997877,0.000286019,-0.00174508,0.001545,-0.0980665,-0.00980665,10.0028
2,97.43,43.03,0,0,0,0,0,0,0,0,0,0.00339658,-0.00571002,0.0647842,-0.997877,0.000286019,-0.00174508,0.001545,-0.0980665,-0.00980665,10.0028
2,97.43,43.03,0,0,0,0,0,0,0,0,0,0.00339658,-0.00571002,0.0647842,-0.997877,0.000286019,-0.00174508,0.001545,-0.0980665,-0.00980665,10.0028
2,97.43,43.03,0,0,0,0,0,0,0,0,0,0.00339658,-0.00571002,0.0647842,-0.997877,0.000286019,-0.00174508,0.001545,-0.0980665,-0.00980665,10.0028
2,97.43,43.03,0,0,0,0,0,0,0,0,0,0.00339658,-0.00571002,0.0647842,-0.997877,0.000286019,-0.00174508,0.001545,-0.0980665,-0.00980665,10.0028
2,97.43,43.03,0,0,0,0,0,0,0,0,0,0.00339658,-0.00571002,0.0647842,-0.997877,0.000286019,-0.00174508,0.001545,-0.0980665,-0.00980665,10.0028
2,97.43,43.03,0,0,0,0,0,0,0,0,0,0.00339658,-0.00571002,0.0647842,-0.997877,0.000286019,-0.00174508,0.001545,-0.0980665,-0.00980665,10.0028
2,97.43,43.03,0,0,0,0,0,0,0,0,0,0.00339658,-0.00571002,0.0647842,-0.997877,0.000286019,-0.00174508,0.001545,-0.0980665,-0.00980665,10.0028
2,97.43,43.03,0,0,0,0,0,0,0,0,0,0.00339658,-0.00571002,0.0647842,-0.997877,0.000286019,-0.00174508,0.001545,-0.0980665,-0.00980665,10.0028
2,97.43,43.03,0,0,0,0,0,0,0,0,0,0.00339658,-0.00571002,0.0647842,-0.997877,0.000286019,-0.00174508,0.001545,-0.0980665,-0.00980665,10.0028
2,97.43,43.03,0,0,0,0,0,0,0,0,0,0.00339658,-0.00571002,0.0647842,-0.997877,0.000286019,-0.00174508,0.001545,-0.0980665,-0.00980665,10.0028
2,97.43,43.03,0,0,0,0,0,0,0,0,0,0.00339658,-0.00571002,0.0647842,-0.997877,0.000286019,-0.00174508,0.001545,-0.0980665,-0.00980665,10.0028
2,97.43,43.03,0,0,0,0,0,0,0,0,0,0.00339658,-0.00571002,0.0647842,-0.997877,0.000286019,-0.00174508,0.001545,-0.0980665,-0.00980665,10.0028
2,97.43,43.03,0,0,0,0,0,0,0,0,0,0.00339658,-0.00571002,0.0647842,-0.997877,0.000286019,-0.00174508,0.001545,-0.0980665,-0.00980665,10.0028
2,97.43,43.03,0,0,0,0,0,0,0,0,0,0.00339658,-0.00571002,0.0647842,-0.997877,0.000286019,-0.00174508,0.001545,-0.0980665,-0.00980665,10.0028
2,97.43,43.03,0,0,0,0,0,0,0,0,0,0.00339658,-0.00571002,0.0647842,-0.997877,0.000286019,-0.00174508,0.001545,-0.0980665,-0.00980665,10.0028
2,97.43,43.03,0,0,0,0,0,0,0,0,0,0.00339658,-0.00571002,0.0647842,-0.997877,0.000286019,-0.00174508,0.001545,-0.0980665,-0.00980665,10.0028
2,97.43,43.03,0,0,0,0,0,0,0,0,0,0.00339658,-0.00571002,0.0647842,-0.997877,0.000286019,-0.00174508,0.001545,-0.0980665,-0.00980665,10.0028
2,97.43,43.03,0,0,0,0,0,0,0,0,0,0.00339658,-0.00571002,0.0647842,-0.997877,0.000286019,-0.00174508,0.001545,-0.0980665,-0.00980665,10.0028
2,97.43,43.03,0,0,0,0,0,0,0,0,0,0.00339658,-0.00571002,0.0647842,-0.997877,0.000286019,-0.00174508,0.001545,-0.0980665,-0.00980665,10.0028
2,97.43,43.03,0,0,0,0,0,0,0,0,0,0.00339658,-0.00571002,0.0647842,-0.997877,0.000286019,-0.00174508,0.001545,-0.0980665,-0.00980665,10.0028
2,97.43,43.03,0,0,0,0,0,0,0,0,0,0.00339658,-0.00571002,0.0647842,-0.997877,0.000286019,-0.00174508,0.001545,-0.0980665,-0.00980665,10.0028
2,97.43,43.03,0,0,0,0,0,0,0,0,0,0.00339658,-0.00571002,0.0647842,-0.997877,0.000286019,-0.00174508,0.001545,-0.0980665,-0.00980665,10.0028
2,97.43,43.03,0,0,0,0,0,0,0,0,0,0.00339658,-0.00571002,0.0647842,-0.997877,0.000286019,-0.00174508,0.001545,-0.0980665,-0.00980665,10.0028
2,97.43,43.03,0,0,0,0,0,0,0,0,0,0.00339658,-0.00571002,0.0647842,-0.997877,0.000286019,-0.00174508,0.001545,-0.0980665,-0.00980665,10.0028
2,97.43,43.03,0,0,0,0,0,0,0,0,0,0.00339658,-0.00571002,0.0647842,-0.997877,0.000286019,-0.00174508,0.001545,-0.0980665,-0.00980665,10.0028
2,97.43,43.03,0,0,0,0,0,0,0,0,0,0.00339658,-0.00571002,0.0647842,-0.997877,0.000286019,-0.00174508,0.001545,-0.0980665,-0.00980665,10.0028
2,97.43,43.03,0,0,0,0,0,0,0,0,0,0.00339658,-0.00571002,0.0647842,-0.997877,0.000286019,-0.00174508,0.001545,-0.0980665,-0.00980665,10.0028
2,97.43,43.03,0,0,0,0,0,0,0,0,0,0.00339658,-0.00571002,0.0647842,-0.997877,0.000286019,-0.00174508,0.001545,-0.0980665,-0.00980665,10.0028
2,97.43,43.03,0,0,0,0,0,0,0,0,0,0.00339658,-0.00571002,0.0647842,-0.997877,0.000286019,-0.00174508,0.001545,-0.0980665,-0.00980665,10.0028
2,97.43,43.03,0,0,0,0,0,0,0,0,0,0.00339658,-0.00571002,0.0647842,-0.997877,0.000286019,-0.00174508,0.001545,-0.0980665,-0.00980665,10.0028
3,97.43,43.03,0,0,0,0,0,0,0,0,0,0.00339658,-0.00571002,0.0647842,-0.997877,0.000286019,-0.00174508,0.001545,-0.0980665,-0.00980665,10.0028
3,97.43,43.03,0,0,0,0,0,0,0,0,0,0.00339658,-0.00571002,0.0647842,-0.997877,0.000286019,-0.00174508,0.001545,-0.0980665,-0.00980665,10.0028
3,97.43,43.03,0,0,0,0,0,0,0,0,0,0.00339658,-0.00571002,0.0647842,-0.997877,0.000286019,-0.00174508,0.001545,-0.0980665,-0.00980665,10.0028
3,97.43,43.03,0,0,0,0,0,0,0,0,0,0.00339658,-0.00571002,0.0647842,-0.997877,0.000286019,-0.00174508,0.001545,-0.0980665,-0.00980665,10.0028
3,97.43,43.03,0,0,0,0,0,0,0,0,0,0.00339658,-0.00571002,0.0647842,-0.997877,0.000286019,-0.00174508,0.001545,-0.0980665,-0.00980665,10.0028
3,97.43,43.03,0,0,0,0,0,0,0,0,0,0.00339658,-0.00571002,0.0647842,-0.997877,0.000286019,-0.00174508,0.001545,-0.0980665,-0.00980665,10.0028
3,97.43,43.03,0,0,0,0,0,0,0,0,0,0.00339658,-0.00571002,0.0647842,-0.997877,0.000286019,-0.00174508,0.001545,-0.0980665,-0.00980665,10.0028
3,97.43,43.03,0,0,0,0,0,0,0,0,0,0.00339658,-0.00571002,0.0647842,-0.997877,0.000286019,-0.00174508,0.001545,-0.0980665,-0.00980665,10.0028
3,97.43,43.03,0,0,0,0,0,0,0,0,0,0.00339658,-0.00571002,0.0647842,-0.997877,0.000286019,-0.00174508,0.001545,-0.0980665,-0.00980665,10.0028
3,97.43,43.03,0,0,0,0,0,0,0,0,0,0.00339658,-0.00571002,0.0647842,-0.997877,0.000286019,-0.00174508,0.001545,-0.0980665,-0.00980665,10.0028
3,97.43,43.03,0,0,0,0,0,0,0,0,0,0.00339658,-0.00571002,0.0647842,-0.997877,0.000286019,-0.00174508,0.001545,-0.0980665,-0.00980665,10.0028
3,97.43,43.03,0,0,0,0,0,0,0,0,0,0.00339658,-0.00571002,0.0647842,-0.997877,0.000286019,-0.00174508,0.001545,-0.0980665,-0.00980665,10.0028
3,97.43,43.03,0,0,0,0,0,0,0,0,0,0.00339658,-0.00571002,0.0647842,-0.997877,0.000286019,-0.00174508,0.001545,-0.0980665,-0.00980665,10.0028
3,97.43,43.03,0,0,0,0,0,0,0,0,0,0.00339658,-0.00571002,0.0647842,-0.997877,0.000286019,-0.00174508,0.001545,-0.0980665,-0.00980665,10.0028
3,97.43,43.03,0,0,0,0,0,0,0,0,0,0.00339658,-0.00571002,0.0647842,-0.997877,0.000286019,-0.00174508,0.001545,-0.0980665,-0.00980665,10.0028
3,97.43,43.03,0,0,0,0,0,0,0,0,0,0.00339658,-0.00571002,0.0647842,-0.997877,0.000286019,-0.00174508,0.001545,-0.0980665,-0.00980665,10.0028
3,97.43,43.03,0,0,0,0,0,0,0,0,0,0.00339658,-0.00571002,0.0647842,-0.997877,0.000286019,-0.00174508,0.001545,-0.0980665,-0.00980665,10.0028
3,97.43,43.03,0,0,0,0,0,0,0,0,0,0.00339658,-0.00571002,0.0647842,-0.997877,0.000286019,-0.00174508,0.001545,-0.0980665,-0.00980665,10.0028
3,97.43,43.03,0,0,0,0,0,0,0,0,0,0.00339658,-0.00571002,0.0647842,-0.997877,0.000286019,-0.00174508,0.001545,-0.0980665,-0.00980665,10.0028
3,97.44,43.03,0,0,0,0,0,0,0,0,0,0.00350686,-0.00593905,0.0648793,-0.997869,-0.000912268,0.000943103,-0.000944275,-0.00980665,0.0392266,9.97336
3,97.44,43.03,0,0,0,0,0,0,0,0,0,0.00350686,-0.00593905,0.0648793,-0.997869,-0.000912268,0.000943103,-0.000944275,-0.00980665,0.0392266,9.97336
3,97.44,43.03,0,0,0,0,0,0,0,0,0,0.00350686,-0.00593905,0.0648793,-0.997869,-0.000912268,0.000943103,-0.000944275,-0.00980665,0.0392266,9.97336
3,97.44,43.03,0,0,0,0,0,0,0,0,0,0.00350686,-0.00593905,0.0648793,-0.997869,-0.000912268,0.000943103,-0.000944275,-0.00980665,0.0392266,9.97336
3,97.44,43.03,0,0,0,0,0,0,0,0,0,0.00350686,-0.00593905,0.0648793,-0.997869,-0.000912268,0.000943103,-0.000944275,-0.00980665,0.0392266,9.97336
3,97.44,43.03,0,0,0,0,0,0,0,0,0,0.00350686,-0.00593905,0.0648793,-0.997869,-0.000912268,0.000943103,-0.000944275,-0.00980665,0.0392266,9.97336
3,97.44,43.03,0,0,0,0,0,0,0,0,0,0.00350686,-0.00593905,0.0648793,-0.997869,-0.000912268,0.000943103,-0.000944275,-0.00980665,0.0392266,9.97336
3,97.44,43.03,0,0,0,0,0,0,0,0,0,0.00350686,-0.00593905,0.0648793,-0.997869,-0.000912268,0.000943103,-0.000944275,-0.00980665,0.0392266,9.97336
3,97.44,43.03,0,0,0,0,0,0,0,0,0,0.00350686,-0.00593905,0.0648793,-0.997869,-0.000912268,0.000943103,-0.000944275,-0.00980665,0.0392266,9.97336
3,97.44,43.03,0,0,0,0,0,0,0,0,0,0.00350686,-0.00593905,0.0648793,-0.997869,-0.000912268,0.000943103,-0.000944275,-0.00980665,0.0392266,9.97336
3,97.44,43.03,0,0,0,0,0,0,0,0,0,0.00350686,-0.00593905,0.0648793,-0.997869,-0.000912268,0.000943103,-0.000944275,-0.00980665,0.0392266,9.97336
3,97.44,43.03,0,0,0,0,0,0,0,0,0,0.00350686,-0.00593905,0.0648793,-0.997869,-0.000912268,0.000943103,-0.000944275,-0.00980665,0.0392266,9.97336
3,97.44,43.03,0,0,0,0,0,0,0,0,0,0.00350686,-0.00593905,0.0648793,-0.997869,-0.000912268,0.000943103,-0.000944275,-0.00980665,0.0392266,9.97336
3,97.44,43.03,0,0,0,0,0,0,0,0,0,0.00350686,-0.00593905,0.0648793,-0.997869,-0.000912268,0.000943103,-0.000944275,-0.00980665,0.0392266,9.97336
3,97.44,43.03,0,0,0,0,0,0,0,0,0,0.00350686,-0.00593905,0.0648793,-0.997869,-0.000912268,0.000943103,-0.000944275,-0.00980665,0.0392266,9.97336
3,97.47,43.03,0,0,0,0,0,0,0,0,0,0.00350686,-0.00593905,0.0648793,-0.997869,-0.000912268,0.000943103,-0.000944275,-0.00980665,0.0392266,9.97336
3,97.47,43.03,0,0,0,0,0,0,0,0,0,0.00349014,-0.00628216,0.0651194,-0.997852,0.0048567,-0.00355743,-0.00059133,-0.00980665,0.0392266,9.97336
3,97.47,43.03,0,0,0,0,0,0,0,0,0,0.00349014,-0.00628216,0.0651194,-0.997852,0.0048567,-0.00355743,-0.00059133,-0.00980665,0.0392266,9.97336
3,97.47,43.03,0,0,0,0,0,0,0,0,0,0.00349014,-0.00628216,0.0651194,-0.997852,0.0048567,-0.00355743,-0.00059133,-0.00980665,0.0392266,9.97336
3,97.47,43.03,0,0,0,0,0,0,0,0,0,0.00349014,-0.00628216,0.0651194,-0.997852,0.0048567,-0.00355743,-0.00059133,-0.00980665,0.0392266,9.97336
3,97.47,43.03,0,0,0,0,0,0,0,0,0,0.00349014,-0.00628216,0.0651194,-0.997852,0.0048567,-0.00355743,-0.00059133,-0.00980665,0.0392266,9.97336
3,97.47,43.03,0,0,0,0,0,0,0,0,0,0.00349014,-0.00628216,0.0651194,-0.997852,0.0048567,-0.00355743,-0.00059133,-0.00980665,0.0392266,9.97336
3,97.47,43.03,0,0,0,0,0,0,0,0,0,0.00349014,-0.00628216,0.0651194,-0.997852,0.0048567,-0.00355743,-0.00059133,-0.00980665,0.0392266,9.97336
3,97.47,43.03,0,0,0,0,0,0,0,0,0,0.00349014,-0.00628216,0.0651194,-0.997852,0.0048567,-0.00355743,-0.00059133,-0.00980665,0.0392266,9.97336
3,97.47,43.03,0,0,0,0,0,0,0,0,0,0.00349014,-0.00628216,0.0651194,-0.997852,0.0048567,-0.00355743,-0.00059133,-0.00980665,0.0392266,9.97336
3,97.47,43.03,0,0,0,0,0,0,0,0,0,0.00349014,-0.00628216,0.0651194,-0.997852,0.0048567,-0.00355743,-0.00059133,-0.00980665,0.0392266,9.97336
3,97.47,43.03,0,0,0,0,0,0,0,0,0,0.00349014,-0.00628216,0.0651194,-0.997852,0.0048567,-0.00355743,-0.00059133,-0.00980665,0.0392266,9.97336
4,97.46,43.03,0,0,0,0,0,0,0,0,0,0.00324154,-0.00622991,0.0651178,-0.997853,-0.00371074,0.00033124,0.000199143,-0.00980665,0.0392266,9.97336
4,97.46,43.03,0,0,0,0,0,0,0,0,0,0.00324154,-0.00622991,0.0651178,-0.997853,-0.00371074,0.00033124,0.000199143,-0.00980665,0.0392266,9.97336
4,97.46,43.03,0,0,0,0,0,0,0,0,0,0.00324154,-0.00622991,0.0651178,-0.997853,-0.00371074,0.00033124,0.000199143,-0.00980665,0.0392266,9.97336
4,97.46,43.03,0,0,0,0,0,0,0,0,0,0.00324154,-0.00622991,0.0651178,-0.997853,-0.00371074,0.00033124,0.000199143,-0.00980665,0.0392266,9.97336
4,97.46,43.03,0,0,0,0,0,0,0,0,0,0.00324154,-0.00622991,0.0651178,-0.997853,-0.00371074,0.00033124,0.000199143,-0.00980665,0.0392266,9.97336
4,97.46,43.03,0,0,0,0,0,0,0,0,0,0.00324154,-0.00622991,0.0651178,-0.997853,-0.00371074,0.00033124,0.000199143,-0.00980665,0.0392266,9.97336
4,97.46,43.03,0,0,0,0,0,0,0,0,0,0.00324154,-0.00622991,0.0651178,-0.997853,-0.00371074,0.00033124,0.000199143,-0.00980665,0.0392266,9.97336
4,97.46,43.03,0,0,0,0,0,0,0,0,0,0.00324154,-0.00622991,0.0651178,-0.997853,-0.00371074,0.00033124,0.000199143,-0.00980665,0.0392266,9.97336
4,97.46,43.03,0,0,0,0,0,0,0,0,0,0.00324154,-0.00622991,0.0651178,-0.997853,-0.00371074,0.00033124,0.000199143,-0.00980665,0.0392266,9.97336
4,97.46,43.03,0,0,0,0,0,0,0,0,0,0.00324154,-0.00622991,0.0651178,-0.997853,-0.00371074,0.00033124,0.000199143,-0.00980665,0.0392266,9.97336
4,97.48,43.05,0,0,0,0,0,0,0,0,0,0.00345152,-0.00652102,0.065243,-0.997842,0.0113433,-0.00522675,0.00555009,0,0.0588399,10.0028
4,97.48,43.05,0,0,0,0,0,0,0,0,0,0.00345152,-0.00652102,0.065243,-0.997842,0.0113433,-0.00522675,0.00555009,0,0.0588399,10.0028
4,97.48,43.05,0,0,0,0,0,0,0,0,0,0.00345152,-0.00652102,0.065243,-0.997842,0.0113433,-0.00522675,0.00555009,0,0.0588399,10.0028
4,97.48,43.05,0,0,0,0,0,0,0,0,0,0.00345152,-0.00652102,0.065243,-0.997842,0.0113433,-0.00522675,0.00555009,0,0.0588399,10.0028
4,97.48,43.05,0,0,0,0,0,0,0,0,0,0.00345152,-0.00652102,0.065243,-0.997842,0.0113433,-0.00522675,0.00555009,0,0.0588399,10.0028
4,97.48,43.05,0,0,0,0,0,0,0,0,0,0.00345152,-0.00652102,0.065243,-0.997842,0.0113433,-0.00522675,0.00555009,0,0.0588399,10.0028
4,97.48,43.05,0,0,0,0,0,0,0,0,0,0.00345152,-0.00652102,0.065243,-0.997842,0.0113433,-0.00522675,0.00555009,0,0.0588399,10.0028
4,97.48,43.05,0,0,0,0,0,0,0,0,0,0.00345152,-0.00652102,0.065243,-0.997842,0.0113433,-0.00522675,0.00555009,0,0.0588399,10.0028
4,97.48,43.05,0,0,0,0,0,0,0,0,0,0.00345152,-0.00652102,0.065243,-0.997842,0.0113433,-0.00522675,0.00555009,0,0.0588399,10.0028
4,97.48,43.05,0,0,0,0,0,0,0,0,0,0.00345152,-0.00652102,0.065243,-0.997842,0.0113433,-0.00522675,0.00555009,0,0.0588399,10.0028
4,97.48,43.05,0,0,0,0,0,0,0,0,0,0.00345152,-0.00652102,0.065243,-0.997842,0.0113433,-0.00522675,0.00555009,0,0.0588399,10.0028
4,97.5,43.05,0,0,0,0,0,0,0,0,0,0.00359659,-0.00669236,0.0654354,-0.997828,-0.0101064,0.00522991,-0.00374216,0,0.0588399,10.0028
4,97.5,43.05,0,0,0,0,0,0,0,0,0,0.00359659,-0.00669236,0.0654354,-0.997828,-0.0101064,0.00522991,-0.00374216,0,0.0588399,10.0028
4,97.5,43.05,0,0,0,0,0,0,0,0,0,0.00359659,-0.00669236,0.0654354,-0.997828,-0.0101064,0.00522991,-0.00374216,0,0.0588399,10.0028
4,97.5,43.05,0,0,0,0,0,0,0,0,0,0.00359659,-0.00669236,0.0654354,-0.997828,-0.0101064,0.00522991,-0.00374216,0,0.0588399,10.0028
4,97.5,43.05,0,0,0,0,0,0,0,0,0,0.00359659,-0.00669236,0.0654354,-0.997828,-0.0101064,0.00522991,-0.00374216,0,0.0588399,10.0028
4,97.5,43.05,0,0,0,0,0,0,0,0,0,0.00359659,-0.00669236,0.0654354,-0.997828,-0.0101064,0.00522991,-0.00374216,0,0.0588399,10.0028
5,97.5,43.05,0,0,0,0,0,0,0,0,0,0.00359659,-0.00669236,0.0654354,-0.997828,-0.0101064,0.00522991,-0.00374216,0,0.0588399,10.0028
5,97.5,43.05,0,0,0,0,0,0,0,0,0,0.00359659,-0.00669236,0.0654354,-0.997828,-0.0101064,0.00522991,-0.00374216,0,0.0588399,10.0028
5,97.5,43.05,0,0,0,0,0,0,0,0,0,0.00359659,-0.00669236,0.0654354,-0.997828,-0.0101064,0.00522991,-0.00374216,0,0.0588399,10.0028
5,97.5,43.05,0,0,0,0,0,0,0,0,0,0.00359659,-0.00669236,0.0654354,-0.997828,-0.0101064,0.00522991,-0.00374216,0,0.0588399,10.0028
5,97.5,43.05,0,0,0,0,0,0,0,0,0,0.00359659,-0.00669236,0.0654354,-0.997828,-0.0101064,0.00522991,-0.00374216,0,0.0588399,10.0028
5,97.5,43.05,0,0,0,0,0,0,0,0,0,0.00359659,-0.00669236,0.0654354,-0.997828,-0.0101064,0.00522991,-0.00374216,0,0.0588399,10.0028
5,97.5,43.05,0,0,0,0,0,0,0,0,0,0.00359659,-0.00669236,0.0654354,-0.997828,-0.0101064,0.00522991,-0.00374216,0,0.0588399,10.0028
5,97.5,43.05,0,0,0,0,0,0,0,0,0,0.00359659,-0.00669236,0.0654354,-0.997828,-0.0101064,0.00522991,-0.00374216,0,0.0588399,10.0028
5,97.5,43.05,0,0,0,0,0,0,0,0,0,0.00359659,-0.00669236,0.0654354,-0.997828,-0.0101064,0.00522991,-0.00374216,0,0.0588399,10.0028
5,97.5,43.05,0,0,0,0,0,0,0,0,0,0.00359659,-0.00669236,0.0654354,-0.997828,-0.0101064,0.00522991,-0.00374216,0,0.0588399,10.0028
