Hdg, Temp, optflow_intTime,optflow_intX,optflow_intY,optflow_intXgyro,optflow_intYgyro,optflow_intZgyro,optflow_quality,optflow_timeDel,optflow_dist,imu_orientX,imu_orientY,imu_orientZ,imu_orientW
0,0,0,0,0,0,0,0,0,0,0,0,0,0,0,0,0,0,0,0,0,0
Hdg, Temp, optflow_intTime,optflow_intX,optflow_intY,optflow_intXgyro,optflow_intYgyro,optflow_intZgyro,optflow_quality,optflow_timeDel,optflow_dist,imu_orientX,imu_orientY,imu_orientZ,imu_orientW
Hdg, Temp, optflow_intTime,optflow_intX,optflow_intY,optflow_intXgyro,optflow_intYgyro,optflow_intZgyro,optflow_quality,optflow_timeDel,optflow_dist,imu_orientX,imu_orientY,imu_orientZ,imu_orientW
0,0,0,0,0,0,0,0,0,0,0,0,0,0,0,0,0,0,0,0,0,0
0,0,0,0,0,0,0,0,0,0,0,0,0,0,0,0,0,0,0,0,0,0
0,0,0,0,0,0,0,0,0,0,0,0,0,0,0,0,0,0,0,0,0,0
1,0,0,0,0,0,0,0,0,0,0,0,0,0,0,0,0,0,0,0,0,0
1,0,0,0,0,0,0,0,0,0,0,0,0,0,0,0,0,0,0,0,0,0
1,49.26,45.16,0,0,0,0,0,0,0,0,0,0.000880256,-0.00556053,-0.348066,-0.937453,-0.000739976,-0.00192533,-0.00069064,-0.0294199,0.127486,9.99298
1,49.26,45.16,0,0,0,0,0,0,0,0,0,0.000859466,-0.00556982,-0.347402,-0.937699,-0.000437643,-0.00190675,-0.000311494,-0.0294199,0.127486,9.99298
1,49.41,45.16,0,0,0,0,0,0,0,0,0,0.000864281,-0.00558691,-0.346792,-0.937925,-0.000455062,-0.000594009,0.000329291,-0.00980665,0.156906,9.97336
1,49.49,45.17,0,0,0,0,0,0,0,0,0,0.000852098,-0.005616,-0.346138,-0.938166,-0.000426266,-0.00157009,-0.000393458,-0.0392266,0.137293,9.97336
1,49.57,45.16,0,0,0,0,0,0,0,0,0,0.000860698,-0.00565497,-0.345501,-0.938401,-0.000903768,-0.000816179,-2.9805e-05,-0.0196133,0.11768,9.97336
1,49.64,45.17,0,0,0,0,0,0,0,0,0,0.000879189,-0.00563885,-0.344882,-0.938629,-0.000446694,-0.00107535,0.000419676,-0.00980665,0.1471,9.97336
1,49.8,45.17,0,0,0,0,0,0,0,0,0,0.000853918,-0.00564656,-0.343612,-0.939095,-0.000249795,-0.00148532,-0.000303419,-0.0196133,0.137293,9.97336
1,49.88,45.17,0,0,0,0,0,0,0,0,0,0.000838186,-0.00565704,-0.342955,-0.939335,-0.00029019,-0.00125383,1.70241e-05,-0.0196133,0.1471,9.97336
2,49.88,45.17,0,0,0,0,0,0,0,0,0,0.000848793,-0.00565651,-0.342313,-0.939569,-0.00043327,-0.00135344,0.000837123,-0.0196133,0.1471,9.97336
2,50.03,45.17,0,0,0,0,0,0,0,0,0,0.000824374,-0.00564729,-0.341694,-0.939794,-0.000148366,-0.00238231,-0.000828466,-0.00980665,0.1471,9.97336
2,50.11,45.17,0,0,0,0,0,0,0,0,0,0.000831472,-0.00563066,-0.341037,-0.940033,-0.000262718,-0.00168005,-0.000104877,-0.0490333,0.137293,9.97336
2,50.19,45.17,0,0,0,0,0,0,0,0,0,0.000816331,-0.0056403,-0.340438,-0.94025,-0.00078787,-0.00125663,0.000519823,-0.0490333,0.137293,9.97336
2,50.33,45.18,0,0,0,0,0,0,0,0,0,0.000771183,-0.00566886,-0.339239,-0.940683,-0.000425107,-0.00226407,-0.000213366,-0.00980665,0.127486,9.97336
2,50.41,45.18,0,0,0,0,0,0,0,0,0,0.000763374,-0.00567981,-0.338607,-0.94091,0.000229046,-0.00125265,-0.000806631,-0.0196133,0.137293,9.97336
2,50.49,45.18,0,0,0,0,0,0,0,0,0,0.000766607,-0.00567034,-0.337978,-0.941137,-0.00132546,-0.00213723,-0.00113889,-0.0196133,0.11768,9.97336
2,50.56,45.18,0,0,0,0,0,0,0,0,0,0.000755778,-0.00568239,-0.337341,-0.941365,0.000248291,-0.00123231,0.00097243,-0.00980665,0.137293,9.96356
3,50.64,45.18,0,0,0,0,0,0,0,0,0,0.000736334,-0.00569264,-0.336686,-0.941599,3.12184e-05,-0.00176239,-0.000556173,-0.0196133,0.11768,9.99298
3,50.72,45.18,0,0,0,0,0,0,0,0,0,0.000709143,-0.0056718,-0.33604,-0.94183,0.000697402,-0.00249862,-0.000859924,-0.0196133,0.127486,9.96356
3,50.87,45.18,0,0,0,0,0,0,0,0,0,0.000681765,-0.00565393,-0.334799,-0.942272,-8.65647e-05,-0.00184173,-7.99829e-05,0,0.137293,9.97336
3,50.95,45.18,0,0,0,0,0,0,0,0,0,0.000658996,-0.00567173,-0.334171,-0.942495,0.000141883,-0.00147343,-0.000669818,0,0.137293,9.97336
3,51.18,45.19,0,0,0,0,0,0,0,0,0,0.000611455,-0.00568451,-0.331697,-0.943369,-0.000850132,-0.00201574,9.59141e-05,-0.00980665,0.1471,9.97336
4,51.33,45.19,0,0,0,0,0,0,0,0,0,0.000588299,-0.00569924,-0.330431,-0.943813,0.000430342,-0.00144899,-0.000930525,-0.0196133,0.127486,9.96356
4,51.33,45.19,0,0,0,0,0,0,0,0,0,0.000586077,-0.00570182,-0.329808,-0.944031,-0.000374377,-0.00163983,-0.000138373,-0.0196133,0.127486,9.96356
4,51.33,45.19,0,0,0,0,0,0,0,0,0,0.000568862,-0.00568263,-0.329222,-0.944235,-0.00113704,-0.00121694,0.000539465,-0.0196133,0.127486,9.96356
4,51.33,45.19,0,0,0,0,0,0,0,0,0,0.000571141,-0.00569454,-0.328636,-0.944439,-0.00114047,-0.00143745,0.00130458,-0.0196133,0.127486,9.96356
4,51.7,45.19,0,0,0,0,0,0,0,0,0,0.000556782,-0.00570511,-0.328027,-0.944651,-0.000339935,-0.00153773,7.92777e-05,-0.0196133,0.127486,9.96356
4,51.7,45.19,0,0,0,0,0,0,0,0,0,0.000528806,-0.00570831,-0.327372,-0.944878,0.000474481,-0.00198409,-0.00167779,-0.0196133,0.127486,9.96356
4,51.7,45.2,0,0,0,0,0,0,0,0,0,0.000527541,-0.00568796,-0.326789,-0.94508,-0.000440753,-0.00215358,0.00060483,-0.0294199,0.11768,9.95375
4,52,45.2,0,0,0,0,0,0,0,0,0,0.000529553,-0.00568253,-0.326148,-0.945301,-0.000623198,-0.0024731,-0.000458284,0,0.1471,10.0028
4,52.07,45.2,0,0,0,0,0,0,0,0,0,0.000520634,-0.00567476,-0.325549,-0.945508,7.10021e-05,-0.00238148,5.19943e-05,-0.0294199,0.107873,10.0028
5,52.14,45.21,0,0,0,0,0,0,0,0,0,0.000480669,-0.00566026,-0.324966,-0.945709,-7.88867e-05,-0.00195498,0.000114611,0,0.137293,9.97336
5,52.21,45.21,0,0,0,0,0,0,0,0,0,0.00041466,-0.00564865,-0.323757,-0.946123,-7.77437e-05,-0.00157871,-0.000223846,0,0.1471,9.98317
5,52.29,45.2,0,0,0,0,0,0,0,0,0,0.0003913,-0.00565447,-0.323161,-0.946327,0.00021218,-0.00165949,-0.000146531,0,0.11768,9.97336
5,52.36,45.21,0,0,0,0,0,0,0,0,0,0.000379157,-0.00564245,-0.32257,-0.946529,0.00100099,-0.00130919,0.000297503,0,0.127486,9.97336
5,52.43,45.21,0,0,0,0,0,0,0,0,0,0.000379386,-0.00564859,-0.321953,-0.946739,-0.00100724,-0.00147181,-0.000598183,-0.0196133,0.1471,9.98317
5,52.58,45.21,0,0,0,0,0,0,0,0,0,0.000340684,-0.0056862,-0.320703,-0.947163,0.000258356,2.35094e-05,-0.00124524,-0.00980665,0.156906,9.98317
5,52.65,45.22,0,0,0,0,0,0,0,0,0,0.00032087,-0.00570046,-0.320117,-0.947361,-0.00046335,-0.00110345,-4.97853e-05,-0.0294199,0.107873,9.98317
5,52.72,45.21,0,0,0,0,0,0,0,0,0,0.000325016,-0.00568253,-0.31954,-0.947556,-0.00198209,-0.00116686,-0.000255787,0,0.17652,9.96356
6,52.79,45.22,0,0,0,0,0,0,0,0,0,0.000307629,-0.00567718,-0.318974,-0.947746,-0.00051564,-0.00160989,0.000345108,-0.0392266,0.0980665,9.97336
6,52.79,45.22,0,0,0,0,0,0,0,0,0,0.000284319,-0.00567231,-0.318364,-0.947952,-0.000850309,-0.00115132,-0.000215613,-0.0392266,0.0980665,9.97336
6,52.93,45.22,0,0,0,0,0,0,0,0,0,0.000269509,-0.00565887,-0.31779,-0.948144,-0.00069321,-0.00190381,-0.000130615,-0.0392266,0.11768,9.96356
6,53.08,45.22,0,0,0,0,0,0,0,0,0,0.000275283,-0.00564103,-0.317211,-0.948338,-0.000759766,-0.00183838,-0.000205427,-0.0196133,0.127486,9.97336
6,53.15,45.22,0,0,0,0,0,0,0,0,0,0.000282324,-0.00562564,-0.315989,-0.948746,-0.00111943,-0.00248605,-5.36638e-05,-0.0196133,0.107873,9.97336
6,53.23,45.22,0,0,0,0,0,0,0,0,0,0.00025381,-0.00563207,-0.315387,-0.948946,6.67394e-05,-0.00116646,-0.000127735,0,0.166713,9.98317
6,53.29,45.22,0,0,0,0,0,0,0,0,0,0.000227327,-0.00562957,-0.314809,-0.949138,-0.0001365,-0.00171087,0.000312051,-0.0392266,0.107873,9.98317
6,53.37,45.23,0,0,0,0,0,0,0,0,0,0.000219068,-0.00561997,-0.314215,-0.949335,-0.000702482,-0.00173466,0.00109252,0.00980665,0.156906,9.97336
6,53.44,45.23,0,0,0,0,0,0,0,0,0,0.00018274,-0.00562767,-0.313646,-0.949523,0.000495205,-0.00188544,0.000220149,-0.0294199,0.107873,9.95375
7,53.57,45.23,0,0,0,0,0,0,0,0,0,0.000136501,-0.00564565,-0.312488,-0.949905,-0.00113631,-0.00123504,-0.00109003,-0.0196133,0.11768,9.95375
7,53.64,45.23,0,0,0,0,0,0,0,0,0,0.000102064,-0.00565832,-0.311908,-0.950095,-0.000259955,-0.00204967,-0.000964847,-0.0294199,0.137293,10.0028
7,53.64,45.23,0,0,0,0,0,0,0,0,0,0.000102064,-0.00565832,-0.311908,-0.950095,-0.000259955,-0.00204967,-0.000964847,-0.0294199,0.137293,10.0028
7,53.64,45.23,0,0,0,0,0,0,0,0,0,0.000102064,-0.00565832,-0.311908,-0.950095,-0.000259955,-0.00204967,-0.000964847,-0.0294199,0.137293,10.0028
